afonya:6;99;175;222;253;403;437;449;675;688;772;783;931;945;1077;1211;1323;1401;1498
afrikai-harcsa:920;1115;1221;1304;1418;1573
agave-szirup:222;1037
akacmez:114;245;605;888;1032;1152;1583
alaple:17;44;214;272;409;411;420;470;529;586;720;770;786;809;938;967;997;1052;1066;1067;1084;1110;1115;1122;1132;1180;1190;1283;1293;1312;1433;1503;1579;1587
alma:57;130;132;147;153;196;205;230;271;290;298;314;366;378;395;400;448;465;509;511;628;649;650;651;664;700;703;722;724;751;752;798;816;824;861;889;897;939;1022;1042;1262;1284;1382;1447;1493;1522;1533;1547;1548;1558;1594
almaecet:150;312;366;439;549;648;700;827;828;925;936;966;1007;1011;1178;1227;1268;1269;1313;1428;1440;1509;1563;1582
almale:494;700;861;915
ananaszkonzerv:87;273;482;569;766;884
anizs:348;1382
arpapehely:1531
articsoka:450;614;1068;1131
asvanyviz:210;553;721;878;1051;1384;1485;1576
aszalt-afonya:187;679;1152;1493;1494
aszalt-gyumolcsok:520;583;707;805;1113;1411
aszalt-sargabarack:27;80;242;712;721;774;935;1113;1249;1370;1425;1456
aszalt-szilva:295;326;328;507;650;722;982;1006;1032;1050;1221;1263;1284;1370;1391;1393;1475;1494;1512;1524;1533;1583
avokado:17;30;229;230;245;253;371;619;648;893;901;1031;1107;1238;1296;1316;1348;1394;1408;1444;1551
babapiskota:70;414;485;496;536;552;558;593;836;867;931;1159;1195;1230;1479
baberlevel:9;39;43;54;115;184;240;274;296;340;412;416;440;447;457;473;479;521;530;566;585;613;645;652;696;700;734;784;825;828;885;886;936;943;951;979;1011;1023;1047;1057;1070;1134;1141;1178;1213;1259;1262;1272;1310;1377;1392;1436;1527;1566;1579
babpure:1226
bacon:155;160;166;174;213;233;239;248;268;270;285;330;332;368;380;396;497;531;537;545;557;637;643;656;659;699;745;819;831;856;882;883;903;919;970;992;997;1006;1049;1081;1112;1121;1150;1156;1164;1193;1204;1217;1218;1221;1252;1253;1256;1280;1284;1285;1286;1287;1292;1296;1307;1327;1333;1346;1382;1386;1391;1399;1403;1407;1418;1425;1436;1464;1488;1510;1552;1581
bagett:528;584;668;903;906;926;944;1011;1096;1162;1335;1339
baileys:135;636;898;968
balzsamecet:28;50;75;164;295;317;405;469;503;537;589;603;606;612;677;683;790;970;1119;1154;1205;1268;1286;1289;1373;1399;1406;1423;1444;1445;1451;1486;1490;1500;1503;1507;1514;1524;1542;1548;1554;1566;1577
banan:58;87;188;205;217;235;250;289;381;444;448;494;590;676;768;1009;1020;1202
baranyborda:658;1420;1545
barbecue-szosz:17;96;439;471;524;1049;1295
barna-cukor:17;56;84;130;147;175;263;271;376;405;468;472;475;482;490;554;576;586;613;623;625;649;720;789;869;887;897;922;936;957;961;1036;1049;1055;1135;1242;1260;1269;1275;1313;1319;1339;1373;1377;1382;1393;1408;1428;1445;1481;1536;1545;1558;1563;1587
barna-sor:17;86;646;1059;1259;1305;1377;1440;1579
barnarizs:857;1042;1108;1303
basmati-rizs:278;862;1039;1044;1411;1449;1527;1578
bazsalikom:28;34;36;45;62;73;83;92;116;141;163;168;179;181;186;192;195;216;231;243;262;278;287;308;313;327;365;383;386;402;417;421;423;427;430;479;489;513;516;519;525;542;544;549;559;560;603;614;633;653;657;663;670;672;680;683;697;700;707;729;763;767;773;775;786;790;793;827;830;832;838;840;843;847;859;870;885;896;909;911;948;953;960;961;970;973;975;983;984;995;999;1000;1021;1023;1055;1073;1082;1088;1094;1099;1141;1146;1152;1178;1181;1189;1190;1204;1206;1213;1214;1225;1232;1242;1248;1251;1257;1258;1261;1280;1281;1283;1294;1314;1351;1359;1371;1378;1395;1417;1431;1438;1441;1443;1451;1466;1470;1471;1480;1489;1494;1507;1509;1513;1548;1550;1556;1559;1566
bodzavirag:65;877;879;1384
borjuhus:825;925;1120
borken:304;567
bors:2;8;9;16;17;19;26;28;29;30;34;36;37;39;45;47;51;54;60;62;63;66;71;72;73;77;78;82;85;86;92;96;98;101;102;103;105;107;108;110;111;115;116;121;127;136;138;140;141;144;150;152;155;156;157;158;161;163;164;165;166;167;168;170;174;177;179;180;181;182;184;186;194;195;197;198;207;208;212;214;216;220;224;226;230;231;233;239;241;245;246;248;249;257;259;261;264;267;268;270;272;273;274;277;279;280;281;282;286;292;298;303;306;308;311;313;317;318;319;320;321;324;325;327;335;340;343;346;350;353;355;367;368;380;382;383;384;385;386;387;388;389;392;394;396;397;399;400;404;405;407;409;410;411;412;413;417;418;420;422;423;427;430;431;432;433;436;439;440;442;452;457;462;470;472;474;476;477;478;480;481;483;488;490;492;495;497;498;501;503;508;511;513;514;516;521;522;527;528;529;530;531;532;533;537;539;540;541;543;544;545;546;547;549;550;551;557;559;560;562;567;569;570;573;574;579;584;585;588;592;595;596;598;601;602;605;608;610;612;615;619;625;626;629;630;631;632;633;634;637;638;642;643;646;650;652;653;654;655;658;659;662;663;664;665;666;668;670;671;672;673;677;680;682;686;691;692;695;699;704;706;708;710;711;712;714;715;716;725;727;729;730;736;738;739;740;742;744;745;760;762;763;765;766;767;771;773;775;778;779;781;786;787;791;792;796;797;798;803;809;810;812;814;816;818;821;825;827;828;829;830;833;835;838;840;841;843;845;849;852;853;855;856;857;858;859;869;870;873;874;881;882;883;885;886;888;890;892;893;896;899;900;903;906;907;909;911;918;920;922;923;924;925;926;927;928;932;933;943;944;948;949;951;953;955;956;960;961;962;963;965;967;969;970;971;973;977;980;981;984;985;986;992;993;994;996;997;999;1001;1003;1006;1007;1010;1011;1013;1014;1016;1018;1019;1021;1026;1027;1028;1030;1031;1032;1037;1038;1039;1041;1042;1043;1044;1046;1047;1048;1049;1050;1054;1055;1057;1058;1059;1061;1063;1065;1066;1067;1068;1069;1071;1072;1073;1078;1079;1083;1085;1094;1100;1101;1103;1105;1106;1107;1108;1110;1114;1115;1116;1119;1120;1123;1124;1125;1127;1131;1133;1134;1137;1138;1139;1143;1145;1146;1148;1156;1158;1160;1164;1167;1168;1171;1172;1173;1174;1175;1176;1177;1178;1180;1181;1183;1184;1186;1188;1189;1191;1192;1193;1201;1205;1206;1207;1209;1213;1214;1215;1218;1221;1225;1227;1228;1231;1233;1234;1235;1236;1237;1238;1240;1242;1245;1248;1251;1252;1254;1255;1256;1258;1259;1261;1262;1263;1268;1269;1270;1274;1277;1278;1279;1280;1281;1282;1283;1284;1285;1286;1287;1289;1293;1294;1296;1302;1304;1305;1307;1308;1311;1312;1313;1315;1316;1319;1321;1325;1327;1328;1330;1333;1335;1337;1340;1343;1345;1346;1348;1349;1350;1351;1353;1358;1359;1361;1362;1363;1366;1368;1370;1371;1372;1373;1376;1377;1380;1381;1382;1383;1385;1386;1387;1389;1391;1394;1395;1397;1398;1399;1405;1406;1407;1408;1412;1414;1415;1416;1419;1420;1423;1425;1426;1429;1431;1433;1434;1435;1437;1438;1440;1441;1443;1445;1446;1447;1448;1449;1450;1451;1452;1457;1458;1459;1460;1461;1462;1463;1464;1465;1466;1471;1473;1474;1475;1476;1477;1478;1480;1481;1485;1486;1487;1488;1489;1491;1493;1494;1495;1496;1499;1500;1502;1503;1504;1505;1506;1507;1509;1510;1511;1512;1513;1515;1519;1520;1522;1523;1524;1526;1528;1529;1530;1531;1533;1534;1535;1536;1539;1540;1542;1543;1546;1548;1554;1555;1556;1557;1558;1561;1563;1566;1567;1570;1571;1573;1574;1575;1577;1581;1582;1583;1584;1585;1586;1588;1589;1590;1591;1592;1593
borsikafu:50;416;598;975;1021;1023;1047;1141
borsmentalevel:65;1055
brokkoli:74;103;106;138;150;166;272;277;285;288;334;430;434;480;519;546;602;612;706;716;803;832;868;923;992;994;1137;1139;1236;1237;1247;1261;1279;1301;1340;1405;1499
bulgur:29;88;306;383;610;712;725;739;787;810;882;888;994;1038;1128;1293;1312;1431;1458;1542;1584;1588
burgonya:1;4;10;14;16;24;54;72;77;89;94;103;105;106;107;140;145;146;152;157;161;162;193;218;236;257;259;268;273;298;301;307;325;334;344;350;362;367;368;372;388;396;398;404;409;411;432;434;447;451;452;473;477;491;492;495;498;502;503;511;530;534;566;574;586;597;605;646;650;657;659;669;682;691;699;714;718;731;734;736;740;756;759;767;784;802;804;828;863;868;873;890;891;894;900;912;917;918;919;923;925;928;946;958;959;963;965;969;979;986;991;992;993;996;1000;1007;1008;1012;1016;1018;1021;1026;1029;1032;1048;1050;1061;1066;1070;1076;1106;1110;1123;1130;1134;1138;1141;1154;1158;1160;1164;1175;1177;1215;1216;1227;1237;1247;1248;1252;1256;1259;1270;1284;1286;1287;1302;1311;1313;1318;1338;1345;1358;1361;1365;1371;1376;1377;1386;1387;1389;1391;1392;1397;1398;1403;1407;1412;1414;1415;1419;1423;1436;1447;1453;1462;1468;1471;1478;1492;1493;1502;1504;1505;1512;1513;1516;1517;1520;1526;1530;1533;1539;1546;1548;1553;1556;1558;1563;1567;1579;1581;1582;1583;1585;1586;1593
burgonyapehely:125;315;817;1361
buzadara:22;27;126;130;201;256;311;421;459;502;504;529;685;703;741;758;801;812;836;874;937;974;1002;1040;1043;1149;1158;1196;1240;1594
camembert-sajt:13;86;158;187;239;340;571;830;841;1008;1100;1243;1263;1284;1434
campari:707
cannellini-bab-konzerv:1311;1321
cayenne-bors:37;74;75;145;229;312;357;366;471;481;571;700;710;711;718;770;948;962;1124;1156;1345;1368;1433;1481;1487;1511;1554;1561;1577
cekla:50;113;155;420;448;798;837;909;933;943;1026;1063;1173;1234;1263;1268;1313;1343;1361;1406;1507;1524;1563;1565;1575;1577
cheddar-sajt:17;82;131;158;160;251;266;422;500;684;692;791;997;1085;1133;1251;1311;1408;1461;1551
chia-mag:183;244;331;354;520;697;774;904;982;1165;1430
chili:33;50;75;85;178;179;180;249;266;292;300;335;340;427;431;549;600;614;657;658;666;677;678;682;715;746;748;763;775;825;827;832;849;865;882;914;922;967;985;989;1029;1030;1070;1099;1107;1178;1179;1216;1231;1238;1319;1354;1361;1367;1397;1399;1408;1428;1434;1440;1446;1449;1481;1484;1487;1526;1527;1545;1550;1563;1578;1591
chilipehely:78;82;92;151;214;248;304;327;347;362;398;400;404;420;434;471;503;532;569;573;585;625;647;700;720;767;823;906;943;961;997;1004;1039;1043;1046;1068;1083;1106;1108;1114;1146;1176;1191;1253;1279;1289;1368;1385;1408;1411;1476;1486;1503;1508
chiliszosz:96;110;150;178;312;472;615;715;865;886;985;1024;1026;1168;1314;1321;1354;1363;1465
cider:1096
citrom:2;63;65;85;108;311;365;367;463;547;673;712;907;921;925;931;944;1062;1063;1068;1077;1122;1131;1267;1310;1325;1346;1358;1363;1391;1412;1428;1458;1505;1548;1552;1569
citrombors:225;1052;1126;1276
citromhej:22;25;46;57;72;90;119;130;143;147;201;203;227;232;234;256;257;264;301;329;345;367;368;369;393;395;425;429;437;449;459;484;486;509;523;538;554;560;578;611;624;635;640;663;668;675;697;717;723;751;758;769;780;782;783;792;800;824;826;827;839;846;851;872;877;878;879;889;898;905;915;943;964;974;1004;1033;1036;1043;1052;1089;1115;1123;1149;1152;1155;1190;1194;1196;1227;1234;1257;1264;1288;1290;1317;1367;1369;1390;1394;1430;1432;1474;1482;1493;1498;1518;1525;1536;1537;1541;1556;1559;1573;1581
citromle:2;5;11;12;25;30;43;44;57;58;61;64;72;90;93;119;122;130;132;143;161;168;173;174;180;196;203;207;225;227;232;238;259;264;280;297;311;318;326;350;363;365;367;370;371;374;378;383;387;395;407;420;422;424;425;426;429;437;440;442;449;450;455;465;469;483;489;509;516;527;531;533;543;554;565;570;571;572;597;600;602;603;605;610;611;612;628;640;644;675;694;704;708;712;717;722;723;747;751;762;763;769;780;787;796;798;806;820;827;830;839;840;849;873;875;878;879;888;889;893;898;900;901;924;925;927;928;931;933;943;956;973;974;986;1007;1011;1017;1022;1030;1036;1037;1043;1052;1054;1068;1076;1092;1100;1102;1108;1115;1123;1124;1125;1126;1127;1131;1139;1154;1155;1172;1182;1186;1194;1196;1197;1209;1211;1221;1224;1257;1267;1276;1282;1289;1295;1302;1308;1311;1316;1319;1325;1330;1336;1340;1343;1353;1362;1367;1369;1378;1385;1386;1390;1398;1399;1413;1418;1431;1440;1442;1449;1454;1459;1474;1482;1493;1495;1509;1514;1516;1523;1528;1530;1536;1543;1545;1556;1559;1563;1565;1566;1568;1571;1573;1575;1576;1577;1581;1586
cottage-cheese:258;562;607;660;800;1365
csaszarszalonna:128;533;630;1262;1285;1336;1350;1496;1585
csemegekukorica:198;207;215;266;282;353;473;516;532;539;584;612;660;704;852;853;942;1251;1278;1302;1303
csemegeuborka:105;158;230;387;422;721;926;963;1059;1227;1413;1429;1480
cseresznye:405;426;813;851;945;1077;1210;1445
csicseriborso-konzerv:60;173;527;602;612;787;790;838;933;1035;1289;1306;1340;1411;1449;1541;1562
csicseriborso:347;531;1308;1351;1433;1458
csicseriborsoliszt:562;752;838;914;1148;1291;1541
csillaganizs:178;373;751;861;1099;1428;1533
csiperkegomba:29;43;148;218;267;270;273;281;320;323;324;352;411;412;451;471;508;541;551;588;603;652;656;660;696;704;706;735;770;790;799;855;873;881;926;927;938;965;977;985;1019;1024;1037;1049;1087;1126;1174;1175;1180;1188;1201;1204;1231;1285;1315;1348;1361;1435;1452;1475;1477;1487;1491;1531;1577
csipos-paprikakrem:123;259;413;533;744;924;930;932;1065;1181;1274;1364;1419;1572
csirke-alaple:159;179;198;240;573;576;661;921;1310;1541
csirke-alsocomb:273;608;858;882;892;971;1108;1111;1314;1426;1453
csirke-felsocomb:51;108;207;272;273;479;608;699;856;858;980;1053;1101;1192;1318;1397;1439
csirke-fuszerso:330;629;882;1150;1322;1487;1555
csirke:17;712;777;1126;1285;1548
csirkecomb:19;62;145;150;166;197;410;431;560;661;855;913;932;955;959;962;984;1021;1175;1310;1462;1478;1487;1520;1522;1541;1555;1591
csirkemell-sonka:131;401;559;654;1301
csirkemellfile:4;8;16;33;63;74;83;108;156;164;173;182;185;189;197;198;224;245;280;317;320;333;353;423;432;436;440;447;455;457;471;472;480;508;512;513;517;522;539;569;573;576;618;629;630;632;637;642;643;677;683;698;702;704;715;739;756;766;797;798;803;804;809;832;852;857;890;909;911;921;927;947;948;969;975;977;984;985;991;992;996;1003;1006;1019;1031;1039;1058;1075;1079;1146;1150;1167;1171;1172;1189;1193;1206;1208;1217;1232;1239;1247;1253;1256;1278;1282;1293;1295;1296;1303;1328;1343;1354;1364;1368;1370;1404;1416;1424;1428;1429;1433;1440;1443;1444;1458;1460;1465;1468;1474;1475;1477;1481;1492;1493;1506;1524;1527;1534;1536;1540;1541;1546;1556;1574;1577
csirkeszarny-0:89;96;312;488;495;666;1078;1134;1285;1453;1511
csirkezuza:19;570
csokiszosz:302
csokolade:183;190;203;291;302;379;469;510;558;750;820;898;1142;1219;1271;1396
csokoladedara:244;768
csontos-serteskaraj:246;267;601;784;1119;1262
csuszateszta:1053;1214;1304
cukkini:2;88;141;162;164;194;195;220;252;278;280;293;306;307;311;313;324;330;335;338;404;412;447;472;516;524;551;586;588;603;614;629;638;653;657;673;683;693;765;773;792;812;814;825;837;888;890;899;908;971;988;989;991;996;999;1004;1039;1057;1108;1115;1124;1145;1146;1168;1172;1176;1181;1206;1212;1213;1228;1232;1255;1258;1306;1383;1404;1464;1488;1515;1535;1543;1554;1578;1579;1588
cukkinivirag:663;1132;1588
cukor:5;15;18;22;23;25;27;34;40;49;52;53;55;61;64;65;67;68;69;70;71;79;86;87;89;92;93;99;104;111;119;124;125;126;129;130;132;134;147;149;158;160;169;172;175;176;183;188;190;191;192;193;196;199;200;201;204;206;211;219;221;223;242;243;247;263;269;283;284;290;291;294;295;297;302;304;309;310;315;327;328;336;342;348;349;351;352;358;359;360;363;370;371;375;377;378;381;393;414;419;424;426;438;445;446;453;458;459;460;464;466;467;468;469;484;485;487;493;496;500;507;509;510;515;523;526;536;538;548;552;556;561;565;567;575;593;628;635;636;640;641;644;651;657;661;665;667;670;674;679;685;687;700;703;707;713;728;741;743;751;753;757;758;761;764;768;775;779;780;782;788;792;794;801;807;813;816;820;824;828;835;836;840;842;846;850;864;867;872;877;878;879;884;885;895;898;912;915;916;931;934;937;939;940;945;950;952;953;954;956;957;964;966;974;990;998;1000;1005;1010;1014;1017;1018;1020;1022;1025;1034;1036;1046;1050;1053;1060;1064;1070;1074;1076;1077;1081;1082;1086;1089;1090;1091;1093;1095;1098;1100;1101;1104;1117;1121;1123;1125;1136;1140;1142;1151;1154;1163;1165;1169;1178;1185;1195;1196;1197;1199;1200;1202;1204;1208;1211;1219;1220;1223;1224;1230;1232;1241;1244;1245;1249;1250;1254;1266;1270;1271;1273;1275;1308;1314;1319;1326;1327;1334;1338;1347;1349;1352;1356;1357;1359;1375;1395;1396;1401;1404;1410;1422;1426;1428;1432;1459;1461;1462;1466;1479;1482;1483;1493;1497;1498;1504;1507;1511;1512;1514;1531;1532;1533;1534;1537;1542;1551;1553;1586;1587;1596
cukor:758;957
cukorgyongy:87
cukormentes-csokolade:345;701
cukrozatlan-kakopor:7;25;38;56;99;104;117;120;199;200;203;211;228;238;253;254;263;292;294;302;336;358;370;371;375;414;419;424;448;449;453;458;460;469;493;494;536;558;594;676;689;693;726;741;743;750;764;782;785;811;834;875;904;929;966;972;1005;1017;1064;1117;1198;1200;1211;1219;1273;1275;1321;1341;1356;1357;1409;1410;1422;1497;1529;1549
curry-paszta:300;832
curry-por:66;347;481;530;569;585;763;810;823;882;947;1039;1344;1487;1501;1515;1527;1572;1585
daralt-marhahus:45;66;73;94;214;251;266;514;585;647;775;1024;1099;1109;1116;1133;1160;1277;1319;1441;1446;1513;1539;1551
daralt-pulykahus:433;779;796;886;952;1229;1231;1499
daralt-serteshus:34;98;102;158;165;278;288;364;417;429;547;553;585;588;626;631;638;645;647;665;686;706;714;740;744;792;835;859;873;881;917;1094;1106;1160;1237;1294;1307;1389;1441;1446;1496;1513;1530;1543
datolya:253;415;583;632;1456
debreceni-kolbasz:491;734;976;1181
diabetikus-liszt:693;1051;1342
digestive-keksz:826
dijoni-mustar:136;158;173;230;429;702;818;913;986;1339;1385;1413;1452;1530;1554
dio:50;52;55;78;168;187;188;190;201;203;205;219;228;237;265;269;301;348;357;376;411;415;420;423;509;520;538;550;556;563;564;590;628;651;667;689;703;750;795;805;860;871;950;982;1005;1032;1045;1071;1093;1113;1142;1159;1205;1234;1249;1250;1262;1263;1264;1268;1271;1347;1374;1406;1445;1460;1497;1503;1518;1523;1580;1581
dioolaj:589;1522
dzsemfix:23;373
ecet:1462
ecet:83;154;252;304;321;329;398;464;503;548;567;621;649;661;727;744;779;813;820;906;949;1023;1101;1141;1208;1357;1377;1438;1461;1462;1482;1504;1550;1551;1553;1560;1586
edami-sajt:92;98;138;158;229;262;392;660;767;891;1157;1544;1558
edes-feherbor:568;1291
edesburgonya:121;157;229;248;300;448;450;474;600;625;627;664;696;710;736;750;791;829;862;919;1026;1030;1042;1335;1343;1350;1382;1402;1429;1450;1495;1501;1507;1511;1591
edesitoszer:21;289;301;331;345;369;456;701;1033;1155;1230;1246;1421;1547;1580
edeskomeny:66;146;214;348;695;818;983;1420;1454
edeskomenymag:140;971;1070
elesztopehely:350;434;562;1291;1417;1543;1560
ementali-sajt:215;268;778;883;1044;1212;1239;1427
eper:5;7;46;69;87;149;221;227;284;289;297;314;359;369;437;444;593;639;644;687;758;782;813;877;878;879;895;915;931;945;964;990;1077;1089;1091;1095;1140;1149;1152;1155;1197;1211;1241;1323;1324;1342;1483;1498;1549
eperdzsem:403
eperlekvar:201;437;454;788;1324;1355
erdei-gyumolcs-mix:91;200;256;351;437;456;463;499;611;640;697;1121;1244;1273;1400;1430;1432
erythritol:46;60;66;120;232;366;456;465;688;732;752;772;800;808;889;904;972;1102;1332;1341;1342;1409;1549;1576
etcsokolade:52;58;87;119;134;135;154;175;188;203;217;222;238;250;263;269;271;302;358;381;424;448;453;454;469;493;515;583;649;676;688;713;743;764;782;805;807;808;811;813;834;902;968;1020;1045;1113;1117;1136;1142;1195;1202;1211;1220;1249;1275;1355;1356;1422;1483;1497
etelfestek:25;172;289;294;336;358;359;360;379;466;469;733;780;902;964;966;1090;1091;1117;1183;1200;1219;1271;1334;1357;1482;1483;1497
etelizesito:2;10;98;108;144;168;171;226;266;352;353;357;363;394;410;513;534;547;553;573;585;588;674;680;778;779;797;857;868;882;924;942;944;994;1002;1021;1094;1111;1125;1143;1161;1175;1222;1239;1247;1318;1327;1335;1372;1392;1418;1419;1424;1426;1439;1516;1521;1530;1542;1585
etkezesi-kemenyito:5;46;87;92;150;154;198;328;329;331;342;358;403;416;458;469;500;538;573;586;621;649;689;720;722;761;780;783;820;864;872;922;985;1005;1090;1123;1132;1136;1141;1192;1197;1208;1223;1230;1241;1244;1248;1275;1395;1404;1465;1469;1482;1495;1497;1545
fahej:21;55;57;58;83;84;114;118;119;120;130;132;177;178;179;193;203;205;209;238;248;265;292;297;298;301;314;331;348;349;369;370;373;375;376;378;395;448;450;456;459;465;475;493;494;506;507;509;554;565;568;575;578;583;590;611;617;622;628;635;693;694;701;703;723;724;737;751;752;755;783;806;860;861;871;889;897;915;939;957;1022;1039;1043;1077;1098;1136;1152;1197;1207;1262;1321;1332;1338;1355;1370;1373;1374;1382;1393;1426;1442;1487;1493;1512;1525;1526;1532;1533;1547;1558;1563;1578;1580;1589;1594
fahejrud:15;196;463;889;1123;1154;1178;1527
fasirt-fuszerkeverek:638;815;1364;1499
feher-balzsamecet:1054;1545;1558
feher-csokolade:68;80;114;126;211;294;358;360;369;466;468;640;872;902;1060;1089;1091;1117;1144;1200;1211;1220;1241;1250;1357;1483;1514
feher-hagyma:150;273;312;541;609;922;926;997;1011;1186;1233;1295;1354;1379;1461
feher-rum:91
feherbab:292;1057;1213;1525
feherbor:2;43;51;85;163;167;233;264;280;289;296;319;427;509;523;597;629;632;670;699;770;786;920;954;1030;1035;1063;1115;1143;1152;1175;1190;1191;1249;1262;1272;1274;1311;1315;1336;1346;1379;1382;1477;1529;1552;1579;1592
feherborecet:164;249;335;792;816;944;945;1008;1262;1385;1408
feherbors:24;33;49;64;83;92;113;159;169;174;334;366;407;429;547;553;591;597;609;674;677;747;754;760;770;799;819;831;848;855;919;923;942;1006;1030;1052;1075;1087;1222;1243;1267;1291;1310;1329;1331;1362;1418;1419;1423;1459;1487;1516
feherjepor:184;737;1102;1341;1342
feherrepa:108;113;267;278;286;325;352;363;411;447;451;457;473;477;498;513;529;534;573;627;652;672;680;704;738;754;789;799;823;866;873;876;927;951;969;1013;1044;1047;1050;1067;1123;1126;1213;1216;1240;1259;1272;1285;1526;1556;1579
fejessalata:75;207;677;779;909;948;1004;1007;1101;1440;1446;1454;1509
fejtett-bab:162;266;447;943;951;1004
fekete-bors:3;10;11;12;14;17;31;43;76;89;95;106;109;125;189;213;236;251;255;278;296;312;322;325;326;333;344;352;363;374;398;406;408;450;451;455;459;464;517;519;566;571;572;586;614;618;647;660;683;696;700;702;722;735;756;784;823;854;862;894;917;919;921;936;958;976;991;1004;1062;1080;1082;1103;1111;1129;1150;1190;1204;1208;1212;1216;1217;1257;1292;1295;1303;1305;1318;1327;1339;1344;1372;1413;1424;1428;1470;1472;1501;1533;1544;1560;1565;1579;1595
feketegyoker:492
feketekave:7;120;135;237;496;536;667;931;1410;1479;1497
felesborso:440;566
felszaraz-feherbor:1049;1284;1587
felvagott:428
fenyerfu:1084;1446
fenyomag:287;397;427;525;543;614;662;742;787;1004;1169;1469;1528;1577
feta-sajt:3;24;97;179;308;549;581;595;662;729;790;854;874;1006;1037;1038;1046;1062;1108;1147;1160;1258;1364;1395;1439;1488;1499;1510;1566
finomitatlan-nadcukor:454;676;806;1097;1170;1210;1299;1374;1467
finomliszt:518;653
finomliszt:5;6;8;18;20;22;25;27;29;33;37;40;43;45;47;48;52;53;54;55;56;57;59;61;62;76;77;80;81;86;87;93;96;99;100;102;107;108;109;110;111;112;114;117;124;125;129;130;132;134;136;138;149;153;158;159;160;162;169;172;174;175;176;177;181;182;183;184;185;190;192;193;195;196;197;198;200;201;202;203;206;210;211;215;217;223;226;227;228;238;240;248;251;255;260;263;269;271;272;275;276;284;286;288;290;291;294;297;299;301;302;305;313;314;316;320;323;328;329;330;332;336;337;341;342;343;345;346;349;351;353;355;358;359;362;364;370;375;377;378;379;380;384;385;387;393;404;407;414;419;421;422;423;424;430;432;435;438;440;441;443;444;446;451;452;453;457;458;459;460;466;467;469;476;477;478;480;482;484;486;488;493;498;500;502;504;508;509;510;513;517;518;521;526;533;534;535;536;538;545;553;555;561;564;569;570;580;591;600;607;616;626;628;630;632;635;638;640;642;644;645;646;648;652;653;655;657;658;661;663;667;670;671;676;677;679;685;687;689;705;707;713;721;726;731;732;733;734;738;740;741;743;750;753;754;757;758;761;764;766;767;768;769;780;781;782;785;788;794;803;817;823;830;834;838;839;840;842;843;845;846;847;848;850;852;858;859;862;867;868;870;877;878;879;883;884;885;887;892;898;900;908;910;911;917;920;921;923;927;931;934;938;941;946;949;950;952;954;955;957;958;962;963;964;966;968;969;975;979;980;981;988;994;998;1000;1001;1003;1005;1006;1007;1014;1016;1017;1018;1025;1033;1034;1046;1048;1049;1051;1052;1058;1059;1060;1064;1067;1069;1071;1073;1074;1076;1080;1081;1082;1086;1089;1090;1091;1093;1098;1100;1101;1103;1104;1106;1110;1113;1116;1117;1120;1121;1124;1125;1126;1137;1139;1140;1141;1142;1154;1155;1157;1158;1163;1177;1181;1184;1192;1194;1197;1199;1200;1208;1211;1216;1219;1220;1221;1222;1224;1234;1235;1239;1240;1241;1243;1247;1248;1249;1254;1255;1256;1257;1265;1266;1267;1270;1271;1273;1275;1281;1283;1298;1299;1300;1304;1316;1320;1326;1337;1338;1343;1347;1349;1350;1352;1355;1356;1357;1358;1360;1369;1371;1375;1376;1384;1386;1387;1388;1389;1390;1392;1395;1396;1399;1401;1403;1405;1409;1416;1422;1436;1437;1438;1442;1443;1448;1455;1459;1461;1465;1477;1482;1484;1485;1491;1492;1495;1497;1498;1502;1503;1512;1514;1516;1519;1521;1529;1531;1532;1556;1568;1576;1579;1583;1587;1591;1596
flekken-fuszerkeverek:246;601;1302
fokhagyma:1110;1458
fokhagyma:3;8;9;19;26;33;36;39;45;47;50;51;54;60;62;63;71;72;73;74;76;78;85;92;95;97;103;106;108;109;110;115;123;140;141;144;146;148;150;151;152;156;157;159;163;164;167;170;177;178;179;180;184;187;192;195;197;213;215;216;224;225;229;246;249;257;259;261;262;266;270;272;273;274;276;277;278;281;287;288;292;298;300;303;307;308;313;318;319;321;324;326;327;334;335;340;346;350;352;362;363;364;368;374;382;384;390;397;398;406;407;410;413;417;420;422;423;427;429;431;432;433;434;435;439;440;442;443;447;450;451;452;455;457;461;462;470;471;472;474;477;483;490;495;501;503;513;514;517;525;530;531;533;534;537;541;542;543;546;549;560;566;572;573;576;581;588;596;600;601;603;605;608;609;610;612;613;615;623;625;626;629;633;638;645;647;648;657;658;659;661;668;670;672;677;680;682;686;702;704;706;708;709;710;712;714;715;730;734;735;736;739;744;746;748;755;760;765;766;767;770;771;775;779;781;784;786;787;792;796;797;803;804;809;814;816;825;828;831;833;840;841;847;849;853;854;858;859;865;869;870;873;874;882;886;890;892;896;899;901;908;919;920;922;924;925;926;927;928;930;932;933;936;942;948;949;951;953;956;961;965;967;969;970;973;975;978;984;985;986;992;993;995;997;999;1002;1003;1004;1006;1008;1010;1013;1016;1021;1023;1027;1029;1030;1031;1037;1038;1039;1043;1044;1046;1047;1048;1052;1053;1055;1056;1057;1062;1065;1066;1068;1069;1070;1072;1076;1078;1080;1081;1082;1083;1084;1085;1094;1099;1103;1109;1110;1111;1114;1115;1116;1120;1122;1123;1126;1127;1129;1131;1132;1133;1134;1138;1141;1143;1145;1158;1160;1161;1164;1168;1175;1176;1177;1179;1180;1183;1185;1188;1190;1191;1203;1204;1207;1212;1213;1214;1215;1225;1228;1229;1231;1233;1235;1237;1240;1247;1253;1256;1257;1259;1261;1274;1277;1279;1282;1283;1284;1285;1287;1289;1291;1293;1294;1303;1305;1306;1307;1311;1312;1313;1314;1315;1316;1318;1319;1321;1327;1330;1331;1335;1336;1339;1340;1344;1346;1348;1349;1350;1351;1354;1358;1359;1361;1364;1367;1370;1371;1373;1376;1377;1378;1381;1383;1394;1395;1397;1398;1399;1402;1404;1408;1411;1414;1415;1416;1418;1423;1424;1429;1433;1439;1440;1446;1447;1449;1450;1451;1457;1458;1466;1472;1473;1477;1478;1480;1481;1488;1496;1499;1503;1508;1512;1513;1516;1517;1519;1520;1521;1523;1525;1527;1528;1530;1531;1533;1534;1536;1539;1542;1545;1548;1550;1552;1556;1560;1561;1563;1565;1566;1567;1572;1573;1574;1575;1577;1579;1581;1582;1584;1590;1592;1593
fokhagymakrem:1209;1217;1361;1439
fokhagymapor:17;75;194;224;236;264;285;311;312;347;418;522;559;571;574;599;631;648;666;736;763;790;798;823;894;911;933;944;962;996;1086;1176;1216;1232;1255;1292;1311;1320;1333;1358;1368;1407;1443;1548;1563;1585;1591
foldimogyoro:72;171;222;487;515;583;834;865;913;1010;1039;1098;1202;1355;1446;1455;1506
folyekony-edesitoszer:21;83;254;394;463;622;624;693;875
fott-sonka:35;101;282;1110
fott-tojas:49;64;71;101;170;230;282;364;501;579;609;631;706;714;747;749;815;994;1011;1058;1128;1203;1329;1366;1385;1463;1565
fozotejszin:9;26;35;47;74;98;103;106;113;123;157;159;174;180;198;203;240;264;273;277;307;322;343;346;357;394;409;411;429;445;514;517;530;533;546;547;551;596;618;651;669;670;702;716;722;760;766;770;781;798;799;803;810;831;854;880;902;917;920;927;932;942;997;1056;1063;1075;1077;1079;1080;1087;1103;1109;1125;1139;1143;1171;1188;1214;1222;1253;1276;1292;1315;1328;1346;1358;1364;1398;1412;1437;1459;1469;1482;1485;1521;1529;1540;1552;1555;1573;1585;1591;1592
frankfurti-virsli:384;443;802;949;967;1177
friss-eleszto:18;32;55;81;86;129;130;169;176;177;181;183;251;341;345;375;393;435;509;564;641;657;670;705;726;753;757;764;794;842;847;941;954;1014;1016;1018;1025;1033;1074;1081;1082;1098;1154;1163;1320;1332;1395;1428;1448;1596
furjtojas:169;173;1530
fusilli-teszta:3;37;182;614;1489
fustolt-lazac:26;389;548;1054;1186;1394;1568
fustolt-pirospaprika:17;78;184;311;350;439;452;476;541;566;581;585;602;698;700;739;767;833;873;907;926;933;936;943;1014;1024;1049;1105;1114;1129;1251;1269;1282;1349;1387;1391;1411;1419;1436;1441;1458;1478;1560;1564;1591
fustolt-sajt:49;63;64;81;215;233;277;353;383;478;559;638;671;819;883;992;1082;1137;1150;1171;1221;1255;1293;1429;1463;1588
fustolt-sertescsulok:54;598;951
fustolt-szalonna:107;115;198;273;279;316;325;352;477;502;513;598;645;665;680;696;731;754;759;885;891;955;976;1080;1138;1214;1245;1304;1337;1345;1502;1548
fuszerpaprika:8;10;16;19;29;37;54;62;86;96;100;107;111;115;140;146;152;155;177;181;186;194;197;198;213;214;255;274;286;288;292;332;333;340;352;363;364;384;390;398;413;418;433;440;451;455;477;488;491;513;521;534;551;574;620;621;626;627;631;634;638;645;648;652;660;661;665;666;680;691;710;712;714;740;744;745;753;754;755;756;775;796;797;802;833;835;842;858;859;881;894;924;930;949;951;952;955;962;975;976;977;979;980;981;1003;1013;1016;1021;1023;1047;1048;1053;1094;1111;1129;1133;1134;1138;1141;1156;1160;1168;1172;1177;1214;1216;1221;1235;1237;1240;1245;1247;1248;1255;1256;1258;1270;1277;1295;1304;1316;1318;1337;1345;1361;1368;1383;1387;1395;1450;1464;1480;1504;1511;1512;1519;1521;1548;1553;1574
fuszerso:1;94;171;207;1247;1255;1588
garnela:179;311;827;865;1174;1190;1322
gepsonka:759;1109;1212
gersli:447;1094;1496
gesztenye:121;1050;1285;1546
gesztenyemassza:38;70;154;438;493;650;1479;1493;1532
ghee:374;983;989
glutenmentes-lisztkeverek:79;104;147;188;339;348;418;426;499;506;563;595;745;772;800;824;890;1009;1182;1202;1245;1393;1421
glutenmentes-sutopor:120;499;1202;1334;1483
gnocchi:233;326;406
gomba:2;37;92;128;144;146;198;239;280;293;319;386;408;512;514;540;586;637;714;742;754;756;763;814;859;911;1063;1075;1120;1132;1193;1218;1226;1315;1362;1383;1403;1416;1419;1459;1485;1584
gorgonzola:343;357;374;385;479;592;606;1080;1087;1486
gorog-fuszerkeverek:790;1306;1589
gorog-joghurt:17;29;32;50;99;139;151;164;252;307;437;516;523;559;617;658;711;727;751;762;777;853;930;963;1034;1161;1184;1251;1272;1324;1394;1442;1449;1520;1549;1564;1578;1589;1594
gorogdinnye:549;619;655;1147;1508;1570
graham-liszt:41;234;1427;1470;1518
granatalma:83;496;589;612;783;1108;1268;1288;1362;1391;1451;1523;1532
gumicukor:25
gyomber:60;71;83;145;177;178;293;300;362;370;373;376;448;474;569;573;576;609;623;625;678;682;719;720;746;822;825;849;865;871;888;913;922;967;1022;1029;1039;1067;1070;1078;1083;1084;1093;1122;1132;1137;1152;1179;1185;1194;1253;1298;1319;1354;1370;1380;1404;1425;1433;1445;1449;1455;1481;1490;1501;1508;1527;1545;1572;1584
gyomberpor:21;26;123;450;583;585;586;599;627;666;724;762;897;1127;1153;1524;1527;1563
gyors-rizs:851;1474
gyulai-kolbasz:268;802;1468
gyumolcskocsonya-por:449
habfixalo:219;445;485;808;897;931;1005;1064;1135;1432
habtejszin:7;8;61;68;70;87;99;119;133;135;141;154;172;191;203;214;227;233;235;239;251;268;270;284;297;302;336;342;345;351;358;360;368;375;380;420;425;426;437;438;444;445;449;458;466;469;475;485;487;493;507;515;523;552;558;561;566;569;593;594;602;611;628;636;640;649;657;674;675;708;709;713;717;728;761;767;775;780;784;801;804;807;808;813;820;834;846;851;864;875;877;878;879;884;895;897;902;910;915;916;929;931;945;950;957;966;990;1005;1020;1036;1049;1064;1089;1091;1095;1110;1118;1135;1142;1144;1151;1169;1172;1194;1200;1211;1219;1223;1241;1262;1265;1266;1271;1282;1283;1284;1288;1294;1300;1324;1356;1357;1359;1371;1375;1410;1424;1443;1477;1493;1494;1514;1532;1546;1547;1567;1579;1580
hajdina:473;742;928;1035;1037;1152
hajdinaliszt:258;376;1236;1361;1374
hal-fuszerkeverek:12;533;1221;1358;1418
hal:12;174;387;533;721;1179;1325;1358
halrudacska:625;1107;1164;1215;1260;1308;1557;1566
halszosz:178;576;625;770;832;869;1009;1039;1084;1099;1319;1446;1573
halvanyito-zeller:44;45;231;296;417;451;473;566;571;573;602;647;762;832;845;876;927;997;1057;1067;1259;1285;1321;1330;1335;1344;1359;1379;1415;1440;1495;1548;1550
hamburger-zsemle:1133;1183;1269;1429
hamburgerhus:1269
harissa-paszta:1520;1562
haztartasi-keksz:7;52;70;403;582;719;1142;1195;1223;1341;1479
hegyes-eros-paprika:274;279;304;318;609;920;976;1337;1561
himalaja-so:24;33;197;201;332;334;441;443;447;455;677;760;772;852;855;919;949;951;1013;1024;1145;1422;1423
hosszumetelt:533;1212
instant-eleszto:40;79;125;158;160;202;204;315;328;377;399;538;559;817;840;841;844;1046;1051;1086;1093;1242;1275;1587
instant-kave:120;1159
jazmin-rizs:44;66;184;208;318;746;832;873;1083;1307;1402;1426;1487;1572
jegcsapretek:586;1484;1495;1545
jegsalata:317;422;796;893;1128;1183;1269;1363;1429;1461
joghurt:56;61;88;90;136;142;190;230;237;243;282;314;369;377;425;436;462;483;490;493;495;526;543;552;577;581;582;604;630;694;737;792;808;811;826;929;987;990;998;1046;1051;1070;1092;1107;1121;1124;1148;1152;1162;1184;1186;1245;1365;1368;1378;1380;1393;1401;1432;1439;1458;1473;1478;1498;1505;1523;1526;1527;1556
juharszirup:121;450;499;531;578;650;860;916;968;1121;1194;1290;1414;1508;1554;1560;1575
juhbeles-virsli:416;620
juhsajt:75;532
juhturo:502;730;731;994;1079;1502
kacsacomb:121;511;722;1145;1339;1373;1382;1447;1501;1504;1533;1542;1586
kacsamaj:568;1042
kacsamell:326;605;1010;1026;1063;1145;1333;1372;1586;1592
kacsazsir:40;48;136;314;329;355;503;508;540;736;918;920;1318;1339;1372;1447;1504;1592
kagylohus:85;1143;1267;1528
kagyloteszta:455;1072;1528
kakukkfu:2;9;26;34;50;62;66;78;121;136;145;181;187;192;195;270;278;307;319;367;386;408;412;436;469;473;513;519;541;547;560;566;588;605;606;608;610;613;629;630;633;650;680;699;712;729;736;755;763;770;773;779;814;821;840;845;859;885;907;920;928;948;956;983;997;1011;1015;1021;1023;1032;1037;1062;1066;1068;1072;1079;1094;1111;1123;1131;1141;1175;1181;1186;1188;1204;1214;1231;1232;1237;1258;1259;1262;1282;1285;1293;1311;1313;1315;1328;1343;1346;1371;1395;1423;1425;1434;1445;1447;1448;1453;1463;1464;1470;1477;1486;1489;1493;1511;1520;1524;1531;1533;1536;1542;1545;1569;1581;1590;1592
kalacs:728;1022;1323
kanadai-sutotok:210;1071;1073;1388;1510
kandirozott-narancshej:79;937;1117;1356;1396
kapia-paprika:66;101;162;171;248;340;472;503;512;549;551;562;579;581;627;695;802;953;973;978;1062;1124;1180;1197;1531;1536
kapor:151;174;198;252;389;404;422;432;451;462;464;502;543;547;626;646;734;754;792;812;908;920;1063;1139;1148;1186;1227;1310;1378;1394;1414;1416;1459;1472;1473;1478;1488;1496;1502;1505;1516;1517;1564;1568;1573
kaposzta:11;366;406;413;586;665;749;777;816;1106;1107;1254;1326;1462;1517;1542;1563
kaposztalevel:184;1057;1465
kapribogyo:28;174;311;387;427;838;921;963;978;1035;1059;1227;1229;1272;1353;1385;1413;1443;1469;1568
karalabe:113;447;457;498;513;529;547;674;704;721;833;873;876;927;969;1067;1126;1127;1129;1225;1259;1418
kardamom:57;145;178;301;375;376;448;565;1039;1104
karfiol:98;148;194;539;655;662;682;700;725;821;848;914;917;987;1056;1057;1061;1301;1311;1362;1417;1449;1550;1590
kecskesajt:50;355;382;420;786;944;948;1007;1162;1234;1268;1286;1406;1490;1500;1524;1570;1587
kefir:59;224;282;526;884;937;1274;1356
keksz:135;301;475;487;783;822;929;1151;1244;1271;1569
kekszkrem:536
kekszmorzsa:38;118;133;200;449;807;871;875;1166;1249;1432;1532
kelbimbo:364;630;736;823;1124;1362;1398;1450;1468;1501
kelkaposzta:305;325;363;384;443;498;763;835;1048;1177;1262;1496;1582
kenyer:28;231;239;277;382;457;603;638;647;684;710;775;815;845;1067;1085;1178;1183;1188;1205;1232;1237;1243;1251;1331;1348;1416;1472;1477;1556;1571
kesudio:122;187;238;350;394;397;434;474;583;662;746;935;1070;1207;1411;1536
keszeg:367
ketchup:89;150;181;312;584;615;715;859;926;936;1000;1078;1133;1172;1269;1336;1383;1395;1428;1465;1481;1511;1554
kifli:1158;1238;1250
kigyouborka:28;30;75;231;317;318;503;527;543;549;571;661;692;762;827;944;1007;1092;1132;1179;1183;1189;1319;1330;1378;1394;1439;1508;1520;1545
kinai-otfuszer-keverek:121;300;752;1446
kinai-teszta:472;865;1298
kockacukor:39
koktelparadicsom:28;30;36;97;144;161;167;171;180;249;280;306;308;317;380;383;421;427;516;537;541;542;548;614;673;683;692;790;827;837;849;896;922;930;944;956;971;984;995;999;1007;1030;1082;1124;1146;1188;1189;1209;1225;1251;1280;1283;1434;1440;1471;1489;1500;1503;1506;1509;1536;1551;1557;1566;1572
koktelparadicsom:542
kokuszchips:690;795;1035;1220
kokuszkrem:505;735;967;1097;1220;1362;1449
kokuszliszt:120;808;935;1290;1580
kokuszolaj:32;60;66;184;222;505;520;521;576;616;688;732;774;790;909;914;1114;1145;1148;1198;1332;1374;1409;1467;1487;1576
kokuszreszelek:25;55;118;126;142;209;247;289;359;381;391;454;460;583;622;782;794;808;836;839;972;1097;1102;1151;1170;1195;1220;1246;1290;1341;1369;1375;1422;1481;1482;1578
kokusztej:46;60;241;253;298;300;361;576;585;625;627;688;710;772;808;823;832;889;1035;1039;1084;1102;1233;1341;1476;1572
kokusztejpor:1246
kokuszzsir:29;81;215;220;234;241;266;294;354;361;506;519;564;608;609;694;724;752;763;776;1102;1153;1170;1246;1261;1299;1321;1341;1361;1402;1404;1518;1549;1580
kola:1481
kolbasz:10;18;82;181;279;372;416;503;530;534;665;734;744;828;920;1125;1141;1163;1181;1270;1294;1335;1359;1395;1562;1585
koles:171;612;928;1152
kolozsvari-szalonna:106;140;182;451;491;722;1072;1106;1207
komenymag:86;325;388;406;521;638;655;665;700;816;885;1013;1106;1259;1305;1377;1423;1507;1542;1579
konyak:568;1032
konzerv-paradicsom:34;36;45;85;102;152;163;177;179;292;313;327;412;421;541;727;835;838;845;899;1055;1057;1073;1231;1232;1566
koriander:17;60;178;245;259;292;362;481;483;490;531;532;544;571;573;576;619;658;662;682;710;746;787;830;849;862;865;869;893;914;922;928;943;989;997;1010;1026;1029;1039;1043;1070;1084;1107;1114;1119;1120;1153;1174;1176;1238;1239;1260;1319;1321;1322;1363;1368;1405;1411;1433;1438;1446;1484;1508;1523;1551;1572;1579
koriandermag:178;226;304;320;392;464;567;585;602;608;825;828;857;1039;1049;1070;1078;1134;1167;1171;1344;1527
korte:15;57;119;550;565;606;752;787;912;1012;1154;1194;1207;1284;1373;1393;1412;1490;1543;1589;1594
kovasz:176;337;577
kremsajt:49;98;116;218;233;428;461;467;468;515;579;595;636;697;711;718;773;783;797;805;809;903;929;1056;1085;1168;1222;1223;1244;1261;1329;1357;1366;1427;1557
kruton:159
kucsmagomba:932;1002
kukorica-csoves:166;481;997;1114;1146;1499;1548
kukoricadara:137;160;413;550;574;648;709;730;763;915;1097;1170;1180;1256;1351;1429
kukoricakemenyito:68;69;175;466;646;709;715;721;813;945;950;1091;1202;1244;1422;1426;1481
kukoricaliszt:12;82;258;264;429;648;925;1001;1083;1094;1227;1267;1428;1546;1574
kukoricapehely:12;591;792;857;1338;1491
kukoricaszirup:1091;1185
kurkuma:60;362;407;492;573;599;627;642;682;710;711;762;770;823;849;914;989;1029;1039;1067;1070;1124;1197;1291;1308;1411;1433;1439;1449;1474;1495;1501;1527;1541;1550;1572
kuszkusz:385;560;571;634;827;1278;1306;1367;1433;1439
laktozmentes-tej:79;104;120;176;418;499;559;563;616;808;824;875;1369;1409;1421;1467;1483;1576
laktozmentes-turo:399;594;616;732;875;1409
lapzselatin:143;191;468;469;503;507;515;594;636;878;879;990;1095;1169;1200;1211
lasagne-teszta:672
laskagomba:108;411;488;659;765;816;930;1127;1158;1180;1225;1274;1315;1346;1477;1529
lazac:2;180;225;257;264;334;490;596;678;708;760;821;907;912;924;944;1190;1346;1378;1412;1505;1508;1552;1564
lecso:62
lekvar-dzsem:234;875;946;1220;1593
lencse:208;292;296;319;416;534;734;762;1011;1186;1321
lenmag:577;599;762;814;833;982;1129;1165;1242;1361;1398;1500
lenmagliszt:258;562;724;928
lestyan:155;513;876;1458
leveles-teszta:84;242;264;317;327;356;389;428;671;756;761;805;874;939;1043;1095;1173;1264;1317;1329;1353;1400;1480;1494;1568
levendula:514;1095;1130;1211
levesgyongy:633;1222
leveskocka:34;72;76;189;270;277;384;397;429;530;609;621;634;681;716;722;793;799;880;927;928;953;958;970;985;1016;1123;1204;1213;1216;1305;1449;1466;1474;1585
libamaj:965;1067;1096;1138;1445
libateperto:399;607;1018;1593
libazsir:14;452;634;1044;1067;1127;1207;1286;1350;1381;1407;1423;1593
likor:414;515;564;1275
lilahagyma:2;11;14;26;28;29;64;83;127;146;158;161;171;181;216;229;230;231;245;248;252;275;280;295;324;366;380;382;420;471;516;518;527;537;544;545;548;549;553;603;609;619;633;678;706;712;716;729;736;799;821;827;828;837;843;849;888;901;925;943;948;971;1011;1016;1021;1026;1038;1039;1041;1096;1099;1124;1133;1134;1146;1147;1153;1167;1171;1175;1179;1189;1218;1225;1251;1262;1289;1312;1329;1343;1350;1377;1394;1395;1413;1417;1419;1420;1433;1438;1439;1441;1445;1447;1452;1458;1459;1463;1486;1524;1542;1548;1551;1553;1562;1563;1575
lime-heja:679;812;826;945;1084;1317;1584;1594
lime-level:832;1404
lime:178;666;727;818;907;931;1411;1481;1576
limele:17;91;245;289;474;481;490;532;585;596;619;625;648;658;679;812;826;888;1010;1084;1107;1114;1176;1207;1238;1260;1319;1348;1368;1446;1508;1545;1584;1589;1590;1594
limoncello:191
loncshus:815
lotuszgyoker:1185
madarsalata:155;589;683;1007;1008;1394;1428;1477
majas-hurka-0:372;1558
majonez:11;30;49;64;105;160;161;207;230;282;311;312;366;401;422;432;481;501;516;595;646;648;711;721;738;798;893;926;928;948;963;996;1011;1059;1085;1100;1162;1183;1203;1251;1302;1330;1340;1343;1366;1383;1444;1480;1509;1559;1563;1568
majoranna:102;213;308;325;363;412;417;443;457;495;545;559;608;621;638;652;711;815;855;858;859;885;909;923;928;948;977;979;1024;1048;1065;1066;1094;1138;1145;1156;1158;1160;1175;1177;1248;1281;1295;1327;1336;1377;1419;1441;1459;1464;1480;1511;1513
mak:6;124;211;223;291;329;393;429;456;509;533;604;667;688;723;867;946;1022;1250;1264;1288;1387
makadamdio:818;968
malna:61;134;143;191;253;336;377;403;425;437;446;466;485;594;616;675;743;782;811;813;895;910;945;1091;1102;1155;1199;1200;1317;1334;1514
mandarin:370;818;901
mandula:83;203;238;260;466;469;606;635;640;672;707;774;785;854;887;897;940;1087;1197;1233;1246;1290;1445;1456
mandulaaroma:183;254;639;707;875
mandulaliszt:68;206;469;1580
mandulapehely:60;79;135;212;467;510;565;568;611;632;636;639;644;710;758;807;822;931;1033;1108;1191;1236;1324;1333;1375;1427;1433;1456;1498;1501
mandulatej:234;237;354;565;604;776;1198;1332;1518
mangalica-zsir:43;54;274;278;406;537;661;828;936;1553
mango:489;888;935;1026;1390;1454;1549
maracuja:945
margarin:5;40;47;52;81;112;126;132;133;134;146;147;149;176;184;250;273;290;291;302;359;378;381;391;434;435;449;453;486;535;541;555;565;566;584;595;628;641;667;692;719;733;753;764;842;898;912;926;1018;1021;1028;1142;1157;1166;1182;1188;1202;1223;1238;1250;1271;1289;1291;1295;1390;1396;1403;1432;1447;1477;1479;1510;1525;1546;1560;1575;1590
marha-alaple:9;709;1013;1106
marha-hatszin:255;405;574
marhabelszin:965;1049;1413
marhafaggyu:95
marhahus:95;137;152;178;709;1563;1593
marhalabszar:452;1013;1337
mascarpone:6;7;21;25;61;64;69;86;120;134;143;154;191;203;263;264;284;297;336;343;351;355;371;395;403;414;438;445;458;475;493;515;523;556;558;636;640;649;687;747;751;782;820;830;846;851;867;872;878;897;904;931;966;1014;1036;1064;1118;1135;1144;1151;1155;1159;1166;1211;1223;1241;1244;1257;1266;1267;1273;1288;1334;1356;1400;1410;1418;1432;1483;1493;1514;1532
matcha-teapor:42;561
mazsola:22;79;201;509;568;752;806;887;1033;1104;1220;1264;1374;1537;1578
medvehagyma:40;72;176;202;316;698;830;880;1002;1003;1007;1043;1058;1201;1333;1366;1491;1544
meggy:56;93;199;358;493;794;836;850;872;889;895;966;1077;1123;1341;1426;1483;1532
meggybefott:124;190;196;291;329;393;459;556;1005
menta:151;284;383;404;489;549;639;658;827;888;931;1043;1092;1108;1128;1152;1184;1234;1288;1317;1319;1384;1420;1431;1433;1454;1514;1550;1570;1590
metelohagyma:74;230;264;368;597;670;781;925;1054;1081;1082;1146;1184;1186;1227
mexikoi-keverek:89;170;333;799
mez:50;58;75;118;119;123;135;139;142;150;173;177;207;251;300;314;361;398;410;420;424;429;437;439;454;466;471;482;503;506;509;510;520;535;550;561;583;590;606;612;615;623;656;697;702;715;736;749;751;752;762;774;783;790;849;861;865;871;887;911;913;925;933;935;964;971;982;1007;1022;1026;1045;1054;1065;1078;1119;1124;1152;1207;1217;1226;1253;1268;1278;1313;1323;1324;1344;1361;1362;1363;1382;1384;1414;1446;1465;1471;1474;1487;1490;1500;1510;1520;1530;1542;1548;1554;1563;1569
mezeskalacs-fuszerkeverek:147;271;395;454;535;649;820;824;905;1064;1135;1532
mirin:71
mogyoroolaj:544;865;913;1319;1438
mogyorovaj:123;222;450;583;625;834;865;929;1035;1217
mozzarella:116;164;186;251;338;365;382;489;528;542;559;647;683;759;777;796;847;926;960;978;984;988;1015;1057;1082;1173;1178;1205;1206;1232;1257;1280;1283;1293;1320;1350;1378;1379;1424;1451;1454;1509
mungobabcsira:71;178;300;1145;1225;1354
mustar:11;49;64;77;88;105;115;125;155;156;160;161;207;233;255;261;267;272;282;311;312;327;363;387;408;410;416;431;440;442;457;489;495;501;534;548;579;584;589;606;630;684;708;711;721;796;798;815;849;925;926;944;955;958;987;991;1007;1008;1054;1065;1076;1085;1100;1156;1162;1189;1203;1216;1227;1268;1272;1278;1291;1295;1302;1303;1308;1330;1333;1336;1343;1366;1381;1386;1398;1414;1424;1431;1444;1477;1480;1495;1509;1558;1560;1563;1567;1575
mustar:161
mustarmag:304;464;567;828;1563;1579
nadcukor:80;203;244;373;375;403;422;509;611;689;697;752;1019;1083;1096;1099;1154;1159;1194;1200;1216;1250;1257;1289;1294;1355;1356;1390;1440;1448;1486;1495;1503
napraforgo-olaj:10;211;1240
napraforgo-olaj:1;4;9;10;16;19;20;22;26;27;28;29;31;33;37;47;62;76;80;86;89;94;95;96;108;110;111;122;123;124;125;126;127;150;156;159;166;170;183;185;190;192;195;197;203;210;211;224;226;228;236;238;246;255;262;263;267;268;271;276;281;286;288;291;294;311;316;320;323;330;336;339;340;346;351;362;364;372;377;382;384;385;386;387;388;392;395;397;398;401;404;413;414;418;429;430;432;439;440;442;443;445;446;451;453;459;461;469;476;478;480;484;493;495;498;512;518;524;533;536;545;547;553;561;570;574;575;588;591;601;621;626;637;642;646;652;654;655;662;663;664;669;676;677;692;705;714;715;721;722;725;733;738;740;744;745;746;761;764;780;781;803;823;825;827;829;843;849;852;855;856;857;858;859;865;866;867;868;873;882;890;892;897;900;905;908;917;924;925;927;928;930;932;934;938;941;947;949;951;952;955;959;962;963;964;966;967;969;977;979;980;985;987;988;992;994;1002;1003;1005;1016;1017;1045;1046;1048;1049;1053;1054;1059;1060;1065;1070;1075;1076;1083;1088;1091;1096;1099;1100;1101;1106;1126;1137;1142;1150;1158;1160;1167;1168;1172;1175;1176;1181;1183;1184;1185;1189;1192;1193;1196;1199;1200;1201;1208;1216;1217;1227;1239;1240;1245;1247;1248;1249;1253;1254;1265;1270;1271;1272;1273;1274;1278;1279;1281;1283;1287;1292;1297;1298;1302;1304;1305;1313;1314;1322;1326;1327;1337;1349;1352;1354;1355;1360;1368;1376;1382;1383;1386;1389;1391;1397;1399;1401;1403;1405;1416;1419;1421;1424;1436;1442;1444;1445;1446;1450;1453;1455;1459;1461;1465;1477;1481;1484;1485;1491;1492;1494;1495;1497;1502;1505;1516;1519;1522;1527;1530;1535;1546;1547;1552;1556;1572;1574;1577;1579;1583;1587;1594;1596
napraforgomag:32;397;519;543;577;747;983;1291;1500;1565
narancs:65;83;155;206;373;605;651;678;707;737;818;861;1041;1065;1356;1433;1487;1512;1542;1578;1587
narancshej:121;206;238;326;373;391;506;509;685;697;707;719;783;788;822;823;897;943;957;1033;1093;1117;1135;1144;1268;1288;1356;1375;1433;1501;1577
narancsle:83;121;238;326;468;524;605;611;678;719;751;783;861;897;913;971;1010;1118;1119;1135;1144;1268;1313;1375;1406;1433;1490;1501;1509;1562;1577;1581;1587
narancslekvar:805;1356
natrium-benzoat:65
negyszinu-bors:2;33;123;332;334;340;443;447;479;489;568;572;603;698;709;755;863;1024;1145;1229;1253;1333;1378;1418;1423;1453
nektarin:424;554;617;690;1363;1367;1509
novenyi-habtejszin:6;25;87;219;269;554;556;782;898;964;966;1136;1273;1334;1432;1483
novenyi-joghurt:147;354
novenyi-sajt:541;584;1073
novenyi-tej:78;184;205;319;931;1522;1560
novenyi-tejszin:124;222;244;366;644;782;873;938;943;1061;1120;1383;1503
nutella:52;438;444;590;785;1025;1112;1142;1166;1200;1219;1266;1271
nyirfacukor:822
olajbogyo:24;51;136;660;790;838;978;1143;1189;1417;1439;1509;1543
olivaolaj:1177;1191
olivaolaj:2;3;8;11;12;21;30;34;36;41;44;45;47;50;51;72;73;75;78;83;85;88;89;92;97;98;101;103;105;109;113;129;136;137;144;148;151;155;158;163;167;168;171;177;179;180;181;186;192;194;202;204;208;214;216;218;231;233;245;248;251;252;254;257;259;261;273;280;292;295;296;298;300;306;307;308;312;313;317;318;319;321;324;326;327;333;334;335;341;344;353;355;357;362;363;365;367;368;380;382;383;397;400;402;407;409;410;411;412;417;420;421;423;429;431;433;436;447;450;454;455;462;471;473;474;479;483;489;492;503;516;522;527;532;533;539;542;543;545;548;549;550;551;559;560;562;572;577;581;585;592;596;602;603;606;609;610;612;613;614;619;622;625;629;630;633;634;642;643;648;653;657;658;660;672;673;674;677;682;683;686;693;697;698;700;702;704;708;709;710;712;715;718;727;734;735;736;739;748;753;756;762;763;765;767;771;773;775;777;787;789;790;792;796;797;804;810;811;812;814;816;819;821;830;831;837;838;841;843;845;847;849;853;854;863;865;869;870;880;882;885;886;888;890;896;899;906;907;908;911;921;922;924;933;943;944;948;953;955;956;960;961;970;971;973;978;980;982;983;986;991;996;997;998;999;1000;1004;1007;1008;1011;1015;1024;1026;1027;1029;1030;1031;1037;1038;1041;1043;1044;1051;1052;1055;1061;1062;1063;1068;1069;1071;1072;1073;1079;1080;1081;1082;1084;1087;1103;1107;1108;1115;1124;1125;1127;1128;1130;1131;1135;1143;1164;1167;1173;1176;1177;1180;1184;1190;1191;1192;1204;1205;1206;1209;1212;1213;1215;1216;1218;1225;1229;1231;1232;1233;1234;1238;1242;1247;1251;1252;1255;1256;1257;1260;1262;1263;1268;1269;1277;1280;1282;1283;1285;1286;1289;1293;1294;1296;1303;1306;1308;1309;1313;1320;1328;1330;1331;1333;1335;1336;1339;1340;1343;1344;1345;1346;1348;1351;1353;1359;1362;1363;1364;1367;1370;1378;1379;1382;1385;1387;1391;1395;1406;1408;1411;1413;1414;1415;1418;1420;1425;1429;1431;1433;1434;1439;1440;1443;1444;1448;1449;1450;1458;1459;1460;1464;1465;1466;1473;1475;1476;1478;1480;1486;1489;1499;1500;1501;1503;1505;1507;1509;1511;1513;1515;1520;1523;1528;1529;1531;1534;1536;1538;1539;1543;1544;1548;1551;1554;1555;1561;1563;1564;1565;1566;1570;1571;1578;1582;1584;1585;1588;1591
orda:1152
oregano:34;36;45;50;73;110;116;181;186;192;262;278;292;308;313;324;367;383;386;402;417;420;455;483;513;609;629;633;700;729;755;767;814;815;838;847;870;909;911;928;948;953;956;961;983;984;986;991;997;1019;1021;1023;1031;1055;1073;1082;1088;1094;1108;1114;1141;1160;1176;1213;1231;1232;1256;1257;1261;1277;1280;1282;1316;1321;1333;1351;1368;1395;1408;1417;1429;1441;1448;1464;1470;1489;1513;1534;1554;1563;1566
orolt-fuszerkomeny:37;54;62;66;113;152;194;236;248;303;304;305;367;384;429;443;450;452;457;459;477;501;551;671;680;700;753;858;859;873;930;933;955;962;1016;1048;1106;1134;1214;1254;1398;1433;1447;1504;1579;1583;1586;1587
oszibarack-konzerv:172;458;467;804;871
oszibarack:133;1077;1178;1409;1500;1569
osztrigaszosz:300;746;922;1010;1039;1132;1319;1446
padlizsan:94;163;261;280;321;382;421;442;483;631;763;830;832;843;886;960;971;1015;1029;1039;1088;1146;1229;1330;1340;1463;1523;1560
panko:121;422;630;654;655;677;767;1083;1100;1227;1235;1251;1283;1298;1399;1546;1573;1581;1591
paprika:19;152;197;268;279;452;620;637;669;710;754;886;924;948;951;955;971;977;1013;1067;1105;1111;1138;1181;1337;1345
paprikakrem:184;408;1105;1208;1316
paprikas-szalami:949;1138;1407
paradicsom:19;26;28;37;44;51;60;73;75;94;136;146;158;160;161;164;173;181;186;194;197;216;220;231;268;274;279;303;307;313;318;321;363;365;401;402;447;452;477;489;527;544;551;571;581;627;634;637;661;677;682;683;745;747;754;759;767;775;793;796;825;830;843;859;873;886;888;899;917;920;924;951;953;955;961;969;973;976;977;989;991;996;1000;1006;1013;1019;1029;1054;1070;1105;1111;1123;1133;1138;1176;1181;1187;1203;1205;1214;1238;1258;1269;1289;1293;1294;1296;1297;1316;1337;1340;1345;1351;1359;1367;1378;1395;1408;1419;1438;1439;1449;1466;1509;1530;1534;1543;1544;1548;1561;1563;1566
paradicsomle:140;186;386;413;513;613;665;680;729;744;789;961;1019;1094;1160;1204;1270;1513
paradicsomszosz:34;251;305;338;633;847;870;1321;1489;1550;1561
parasztkolbasz:54;775;786;891;1392
parmezan-sajt:3;45;73;74;157;162;163;165;180;243;257;278;296;305;307;313;324;338;357;368;386;397;417;421;423;461;497;542;545;559;560;595;602;614;647;668;748;759;775;781;809;831;838;843;845;847;870;874;896;953;960;961;984;995;999;1004;1007;1015;1055;1069;1072;1082;1110;1115;1164;1184;1204;1225;1232;1253;1257;1282;1294;1313;1333;1359;1372;1379;1387;1388;1489;1528;1548;1567
passzirozott-paradicsom:94;110;165;249;278;382;417;542;559;647;740;767;775;953;960;1160;1206;1213;1242;1254;1257;1261;1359;1370;1371;1440;1480;1513;1572
pasztinak:47;492;513;553;736;1419
patisszon:92;168;1076;1181;1419;1437
pecorino-sajt:249;542;960;1595
penne:30;97;357;519;859;1463
pesto:30;36;317;999;1038;1228;1280;1453;1506;1543
petrezselyem:3;4;14;29;31;33;37;44;75;76;85;103;111;128;144;155;158;164;167;170;177;214;225;239;243;264;270;296;306;307;311;318;321;327;333;334;338;352;353;363;367;383;384;404;421;423;427;428;429;443;447;451;455;457;473;481;483;491;501;508;513;529;534;539;540;541;543;560;562;566;570;571;573;592;597;612;620;637;647;648;652;657;668;670;673;681;695;696;702;704;706;711;712;718;730;748;754;755;760;762;770;775;778;787;789;791;797;814;816;821;827;840;845;852;855;866;873;876;881;885;888;899;900;911;921;925;927;928;933;944;947;949;951;953;955;956;962;967;969;981;1013;1016;1019;1027;1030;1037;1043;1044;1057;1061;1067;1075;1081;1108;1110;1111;1115;1116;1120;1123;1124;1125;1127;1129;1138;1143;1158;1164;1175;1183;1184;1186;1187;1188;1191;1192;1212;1221;1227;1231;1232;1235;1240;1245;1256;1270;1272;1274;1277;1279;1281;1282;1284;1285;1305;1307;1325;1330;1331;1343;1346;1353;1358;1362;1367;1387;1397;1399;1408;1413;1418;1426;1431;1435;1449;1457;1460;1462;1474;1477;1491;1503;1513;1521;1526;1531;1534;1535;1536;1539;1541;1542;1543;1548;1555;1556;1561;1563;1565;1567;1573;1574;1579;1581;1585;1586;1588;1593
pezsgo:507;1050;1504
piros-curry-paszta:576;727
piros-kaliforniai-paprika:51;60;150;280;306;318;439;451;455;490;576;609;683;706;739;827;837;849;881;888;913;926;944;970;983;989;997;1008;1024;1044;1124;1146;1175;1176;1231;1277;1279;1280;1330;1335;1354;1368;1404;1551;1554
piros-ribizli:142;253;309;331;437;469;552;582;616;741;780;813;912;931;1230;1576
pisztacia:299;662;697;945;1225;1590
pisztrang:900;986;1584
pitypang:407
pizzateszta:78;116
porcukor:5;6;7;25;27;38;52;67;68;69;104;114;117;130;133;149;154;183;200;201;203;205;206;207;209;211;219;227;228;238;242;253;256;260;265;271;284;291;299;312;329;336;371;377;379;395;414;419;424;425;438;445;449;453;466;475;506;509;535;554;556;561;564;582;622;628;635;639;640;649;667;687;723;726;733;741;769;782;783;785;794;813;817;820;826;834;839;851;867;872;878;879;898;910;937;940;945;946;950;964;966;1005;1017;1020;1022;1040;1064;1074;1089;1091;1093;1095;1098;1113;1117;1118;1136;1144;1149;1166;1194;1200;1219;1220;1224;1241;1266;1271;1273;1275;1300;1302;1317;1323;1334;1386;1387;1401;1432;1483;1497;1514;1532;1577;1596
porehagyma:29;71;144;177;214;233;350;400;408;434;528;809;1044;1188;1285;1305;1420;1557;1592
portobello-gomba:383;885;938;1130;1146;1473;1555
pritaminpaprika:146;281;1471
provence-i-fuszerkeverek:144;218;321;740;944;1452;1478
pudingpor:70;120;336;688;1250;1483
puffasztott-amarant:1152;1593
pulykacomb:634;650
pulykamell:24;75;123;155;226;281;392;545;816;819;994;1032;1044;1050;1153;1228;1284;1286;1455;1469;1507;1519;1581
quinoa:531;933;1451
radicchio:1268
repceolaj:490;578;614;659;720;806;860;912;1049;1470;1471
retek:101;317;673;721;749;790;1128;1186;1238
retesliszt:199;329;395;753;1017;1018;1265;1593
ricotta:403;430;663;685;698;771;783;807;870;1069;1200;1281;1571
rizs:62;92;150;189;320;598;613;618;642;645;665;744;835;852;864;899;907;947;952;1052;1075;1139;1167;1192;1239;1260;1280;1308;1310;1344;1389;1405;1515;1535;1555
rizsborecet:1404
rizsecet:586;623;749;865;1010;1099;1179;1185;1260;1298;1319;1446;1481
rizslap:300
rizsliszt:41;67;104;120;258;311;354;371;386;392;448;541;594;704;751;776;808;982;1047;1334;1467;1483
rizstej:142;148;407;578;648;1073;1236;1290;1342
rizsteszta:178;576;749;1145;1174;1314;1319
rokagomba:296
romai-komeny:47;88;179;208;214;292;362;474;483;585;602;612;627;682;700;755;762;862;914;928;933;943;962;989;1029;1037;1043;1049;1124;1176;1177;1268;1289;1295;1306;1313;1340;1351;1368;1370;1408;1411;1478;1484;1527;1572
romai-salata:865;1189;1509
rozmaring:4;33;47;78;129;137;140;145;166;187;207;224;273;280;319;340;367;368;405;447;511;541;572;574;581;600;605;609;633;634;658;664;709;736;773;779;816;825;830;841;859;863;885;890;953;1011;1015;1021;1037;1042;1052;1057;1066;1123;1145;1153;1162;1173;1186;1203;1207;1213;1216;1262;1263;1285;1287;1293;1312;1313;1333;1339;1373;1399;1412;1420;1423;1434;1447;1453;1463;1470;1511;1529;1532;1539;1542;1548;1573;1577;1581;1583;1586;1589;1591;1594
rozsabors:215;588;589;632;919;947;1021;1153;1445;1587
rozskenyer:47;1434;1510
rozsliszt:176;254;337;577;622;776;1051
rukkola:17;28;75;177;308;365;527;537;606;762;830;870;943;1011;1012;1037;1082;1162;1191;1205;1253;1286;1289;1379;1391;1406;1451;1460;1509;1562;1566
rum:7;38;57;70;294;438;486;726;752;1284;1532
rumaroma:93;183;200;237;370;558;604;701;875;1290;1334;1352
safrany:585;1541
sajt:18;34;59;77;100;102;110;112;125;156;159;164;167;181;182;192;226;239;240;285;306;317;321;380;389;396;402;407;428;430;432;435;470;480;518;540;551;553;569;600;643;653;654;670;671;706;714;716;740;766;767;770;787;797;803;804;815;852;858;859;903;917;923;970;1006;1014;1024;1028;1031;1053;1058;1088;1130;1154;1157;1158;1167;1172;1216;1222;1229;1231;1256;1269;1292;1380;1383;1395;1407;1416;1460;1480;1493;1494;1574;1594
sajtszosz:1429
salatakeverek:47;88;101;548;678;683;692;738;762;790;944;1028;1096;1209;1319;1407;1500;1555;1557;1577
salottahagyma:162;412;566;610;632;709;838;943;944;1008;1011;1030;1049;1071;1115;1186;1282;1387;1509;1526;1563
sarga-kaliforniai-paprika:220;321;439;490;683;706;837;849;888;926;970;1024;1146;1228;1277;1330;1368;1419;1554
sargabarack:23;139;283;486;523;1077;1299;1300
sargabarackdzsem:22;712;1425
sargabaracklekvar:172;510;564;623;728;794;817;1249;1334;1387;1432
sargadinnye:618
sargarepa:2;9;11;21;34;45;60;71;72;73;76;108;113;115;148;150;166;171;189;267;272;278;286;293;296;312;325;334;344;350;352;363;366;400;411;412;413;417;434;436;447;451;457;472;473;477;491;498;512;513;524;529;534;540;553;566;570;573;627;630;650;652;655;656;657;673;677;680;686;700;702;704;710;716;721;736;738;740;746;749;754;762;767;770;775;787;789;814;825;845;849;852;866;873;876;897;907;928;933;951;958;969;985;997;1002;1013;1016;1044;1047;1057;1067;1123;1124;1126;1127;1145;1146;1175;1189;1203;1213;1216;1225;1240;1259;1262;1272;1278;1279;1285;1305;1306;1319;1321;1327;1328;1330;1343;1344;1346;1354;1359;1361;1404;1415;1419;1420;1440;1442;1465;1489;1499;1511;1515;1516;1526;1535;1548;1550;1554;1556;1563;1572;1579;1593
savanyu-kaposzta-leve:1226
savanyu-kaposzta:54;184;236;372;388;598;626;645;699;749;1094;1105;1226;1312;1579
serrano-sonka:163;1028
sertes-rovidkaraj:268;316;318;386;418;422;478;498;613;664;1083;1137;1158;1218;1235;1305;1457;1544;1554
sertes-szuzpecsenye:325;537;845;863;919;1315;1345;1403;1405;1425;1512;1567
sertes-virsli:54;115
sertescomb:262;352;459;603;754;1016;1132;1254;1258;1281;1398;1435;1515
sertescsulok:408;1259;1377
serteshus:43;71;586;1066
serteslapocka:303;363;451;598;700;1055;1337;1349
sertestarja:439;524;791;923;1065;1216;1312;1381;1407;1450;1452
serteszsir:5;18;62;71;89;115;140;146;152;181;193;249;303;363;388;416;459;477;488;513;534;564;620;645;685;691;700;729;758;842;894;898;923;942;946;948;958;975;993;1013;1021;1023;1047;1048;1074;1078;1094;1105;1111;1140;1141;1158;1167;1171;1214;1216;1254;1258;1259;1312;1337;1377;1395;1435;1463;1468;1496;1512;1521;1542
shiitake-gomba:659;669;735;1027;1061;1309;1315;1348;1477
siker:341;345;577;817
snidling:4;105;169;187;423;500;530;550;553;560;562;587;595;659;747;870;1079;1115;1180;1311;1366;1458;1579;1593
so:2;4;8;9;10;11;12;14;16;17;18;19;20;25;26;28;29;30;31;32;34;35;36;37;40;41;43;44;45;47;48;49;50;51;55;56;59;60;61;62;63;64;66;71;72;73;74;75;76;77;78;79;80;81;82;83;85;86;87;88;89;92;94;95;96;97;98;100;101;102;103;105;106;107;108;109;110;111;112;113;114;115;116;121;122;123;125;127;129;130;136;137;138;140;141;144;145;146;147;148;149;150;151;152;153;154;155;156;157;158;159;160;161;162;163;164;165;166;168;169;170;171;173;174;175;176;177;178;179;180;181;182;183;184;185;186;188;189;192;193;194;195;198;202;203;204;207;208;210;212;213;214;215;216;217;218;220;224;225;226;227;229;230;231;232;233;236;238;239;240;241;243;245;246;248;249;250;251;252;255;256;257;258;259;261;262;264;267;268;269;270;271;272;273;274;275;276;277;278;279;280;281;282;285;286;288;292;295;296;298;300;301;302;303;304;306;308;311;312;313;314;315;316;317;318;319;320;321;322;323;324;325;326;327;328;329;330;333;335;337;339;340;341;342;343;344;345;346;347;349;350;351;352;353;354;355;356;357;362;363;364;367;368;369;374;375;376;377;379;380;382;383;384;385;386;387;388;389;390;392;395;396;397;398;399;400;401;402;404;405;406;407;408;409;411;412;413;414;416;417;418;419;420;421;422;423;424;426;427;429;430;431;432;433;434;435;436;438;439;440;442;444;445;446;448;451;452;454;457;458;459;461;462;463;464;466;467;469;470;471;472;473;474;476;477;478;479;480;481;483;486;488;489;490;491;492;495;497;498;500;501;502;503;504;508;509;510;511;512;513;514;515;516;517;518;519;521;522;526;527;528;529;530;531;532;533;534;537;539;540;541;542;543;544;545;546;547;548;549;550;551;553;555;556;557;559;560;562;566;567;568;569;570;571;572;573;574;576;577;578;580;583;584;585;587;588;591;592;595;596;597;598;599;601;602;603;605;607;608;609;610;612;613;614;615;616;618;619;620;621;623;625;626;628;630;631;632;633;634;635;637;638;639;641;642;643;644;646;647;648;649;650;651;652;653;654;655;657;658;659;660;661;662;663;664;665;666;668;669;670;672;673;679;680;681;682;683;684;685;686;691;692;693;695;696;698;699;700;701;702;704;705;706;707;708;709;710;711;712;713;714;715;716;718;720;721;722;723;725;726;727;729;730;731;732;733;734;735;736;737;738;739;740;742;743;744;745;747;748;753;754;755;756;757;759;760;762;763;764;765;766;767;768;769;770;771;773;774;775;776;777;778;779;781;784;785;786;787;789;791;792;795;796;797;798;799;800;801;803;804;809;810;811;812;814;816;817;818;819;820;821;824;825;827;828;829;830;831;833;835;836;838;839;840;841;843;844;845;846;847;848;849;853;854;856;857;858;859;860;862;863;866;867;868;869;870;872;873;874;876;878;880;881;882;883;885;886;887;888;890;892;893;894;896;898;899;900;901;905;906;907;908;909;910;911;914;917;918;920;921;922;923;924;925;926;927;928;929;930;931;932;933;934;936;938;941;942;943;944;945;946;947;948;952;953;954;955;956;958;959;960;961;962;963;965;966;967;969;970;971;973;974;975;976;977;979;980;981;982;983;984;985;986;987;988;989;991;992;993;994;996;997;998;999;1000;1001;1002;1003;1004;1006;1007;1010;1011;1012;1014;1015;1016;1017;1018;1019;1020;1021;1023;1025;1026;1027;1028;1029;1030;1031;1032;1034;1036;1037;1038;1039;1041;1042;1043;1044;1046;1047;1048;1049;1050;1051;1052;1053;1054;1055;1056;1057;1058;1059;1061;1062;1063;1065;1066;1067;1068;1069;1070;1071;1072;1073;1074;1075;1076;1078;1079;1080;1081;1082;1083;1085;1086;1087;1088;1090;1092;1093;1094;1096;1098;1099;1100;1101;1103;1105;1106;1107;1108;1109;1110;1111;1114;1115;1116;1119;1120;1121;1123;1124;1125;1126;1127;1128;1129;1130;1131;1133;1134;1137;1138;1139;1141;1143;1144;1146;1148;1149;1150;1152;1153;1154;1156;1157;1158;1160;1162;1163;1164;1165;1167;1168;1169;1171;1172;1173;1174;1175;1176;1177;1178;1180;1181;1183;1184;1186;1187;1188;1189;1190;1191;1192;1193;1194;1196;1199;1201;1203;1205;1206;1207;1208;1209;1212;1213;1214;1215;1216;1217;1218;1221;1222;1224;1225;1227;1228;1229;1231;1232;1233;1234;1235;1236;1237;1238;1239;1240;1241;1242;1243;1245;1248;1251;1252;1253;1254;1255;1256;1257;1258;1259;1260;1261;1262;1263;1265;1267;1268;1269;1270;1272;1274;1275;1276;1277;1278;1279;1280;1281;1282;1283;1284;1285;1286;1287;1289;1290;1291;1292;1293;1294;1295;1296;1301;1302;1303;1304;1305;1306;1307;1308;1310;1311;1312;1313;1315;1316;1318;1319;1320;1321;1322;1323;1325;1326;1327;1328;1329;1330;1331;1332;1333;1335;1336;1337;1338;1339;1340;1343;1344;1345;1346;1347;1348;1349;1350;1351;1353;1355;1356;1357;1358;1359;1360;1361;1362;1363;1366;1367;1368;1370;1371;1372;1373;1375;1376;1377;1378;1380;1381;1382;1383;1385;1386;1387;1388;1389;1391;1392;1393;1394;1395;1397;1398;1399;1402;1403;1405;1406;1407;1408;1412;1413;1414;1415;1416;1417;1418;1419;1420;1424;1425;1426;1427;1428;1429;1431;1433;1434;1435;1437;1438;1439;1440;1441;1443;1444;1445;1446;1447;1448;1449;1450;1451;1452;1453;1455;1457;1458;1459;1460;1461;1462;1463;1464;1465;1466;1467;1468;1469;1470;1471;1472;1473;1474;1475;1476;1477;1478;1480;1481;1482;1483;1484;1485;1486;1487;1488;1489;1490;1491;1492;1493;1494;1495;1496;1499;1500;1501;1502;1503;1504;1505;1506;1507;1509;1510;1511;1512;1513;1514;1515;1516;1517;1518;1519;1520;1521;1522;1523;1524;1525;1526;1527;1528;1529;1530;1531;1532;1533;1534;1535;1536;1537;1539;1540;1541;1542;1543;1544;1545;1546;1547;1548;1550;1551;1552;1553;1554;1555;1556;1557;1558;1559;1560;1561;1563;1564;1565;1566;1567;1570;1571;1572;1573;1574;1575;1576;1577;1578;1579;1580;1581;1582;1583;1584;1585;1586;1587;1588;1589;1590;1591;1592;1593;1594;1595;1596
so:614;642;792;899;986;1278
sonka:18;59;77;88;158;356;380;386;430;518;584;592;852;1015;1044;1056;1086;1242;1243;1329;1366;1457;1485;1488;1579
sonkahagyma:746;828;1207;1477;1552
sor:387;608;872;947;962;963;1001;1082;1134;1519
sovany-turo:232;369;465;937;1102;1341;1342;1442;1549
spagetti-teszta:34;36;73;85;165;180;220;249;386;402;412;417;427;470;497;596;609;715;729;748;831;973;984;995;1004;1010;1031;1055;1143;1191;1261;1294;1359;1465;1486;1561
spenot:45;72;97;109;180;239;276;281;355;357;380;396;423;455;461;522;596;602;609;612;643;660;735;762;763;771;787;809;831;849;854;874;973;1038;1046;1052;1069;1072;1073;1080;1109;1173;1183;1213;1257;1282;1295;1387;1437;1499;1528;1538;1584
suritett-paradicsom:3;17;36;44;45;83;92;113;116;184;186;192;262;266;272;292;296;319;324;352;408;412;451;457;574;775;859;881;886;911;952;1016;1019;1053;1062;1082;1088;1106;1204;1232;1283;1294;1305;1326;1359;1389;1448;1525;1531;1550;1579
suritett-tej:143;358;360;376;466;1020;1091;1200;1324;1400
sutomargarin:149;269;378;565;679;695;834;887;1188;1352;1399;1577
sutopor:5;21;25;41;52;53;56;59;61;80;87;93;117;124;132;134;147;172;175;188;190;199;203;205;206;211;215;217;227;228;232;234;238;241;250;254;258;260;263;271;284;290;291;294;299;314;336;351;354;359;370;379;381;387;391;414;419;424;426;430;438;444;446;448;453;454;458;466;467;482;484;493;505;518;536;561;578;580;590;607;622;628;646;667;676;687;688;689;693;707;713;733;741;743;750;752;758;768;769;776;780;782;806;808;811;839;867;877;878;884;887;897;910;934;937;950;958;963;964;968;1005;1017;1060;1064;1091;1104;1113;1121;1140;1142;1197;1198;1199;1200;1210;1219;1220;1224;1241;1266;1271;1273;1288;1299;1342;1343;1347;1355;1356;1374;1375;1390;1393;1396;1401;1417;1421;1427;1442;1465;1470;1495;1497;1498;1519;1532;1547;1580
sutotok:78;82;118;155;214;241;271;298;376;394;475;651;669;736;786;806;822;823;882;1072;1287;1382;1399;1414;1415;1548;1557;1580
szalalkali:104;348;780
szaraz-vorosbor:9;165;295;452;696;722;1359;1512;1561
szardella:174
szardellapaszta:614
szaritott-gomba:185;718;770;1049
szaritott-paradicsom:36;541;614;643;798;814;856;901;961;1015;1038;1162;1191;1225;1228;1229;1253;1274;1282;1309;1364;1379;1443;1451;1538
szarvacska-teszta:350;541;1534;1540
szarvascomb:936
szarvasgomba:1592
szeder:56;437;867;915;1060;1077;1576
szegfubors:15;340;347;568;650;861;1049;1245
szegfuszeg:15;118;130;177;178;196;238;326;348;370;373;375;376;459;463;465;475;506;507;509;565;568;611;617;650;861;862;889;1039;1077;1123;1152;1154;1262;1287;1355;1373;1377;1426;1493;1525;1527
szerecsendio:26;77;78;82;103;106;138;141;157;168;177;214;248;277;292;298;368;370;376;389;392;397;400;409;434;448;461;541;578;592;672;700;716;770;786;797;831;845;848;854;880;923;924;992;1006;1008;1014;1021;1032;1039;1042;1050;1069;1073;1110;1125;1207;1220;1233;1284;1285;1292;1305;1346;1361;1366;1388;1419;1437;1442;1459;1485;1487;1493;1525;1546;1557;1558;1567;1579;1583;1591
szezammag:50;81;158;356;520;524;531;539;577;583;627;662;671;678;715;720;749;774;865;874;922;928;987;994;1043;1046;1083;1132;1137;1154;1163;1185;1208;1260;1267;1301;1319;1330;1404;1448;1465;1480;1492;1500;1508;1511;1530;1545
szezamolaj:59;293;347;450;472;586;623;625;627;656;678;720;749;865;922;971;1039;1122;1132;1174;1185;1208;1260;1298;1319;1322;1361;1508;1545
szilva:193;301;635;905;957;1098;1136;1338;1428
szilvalekvar:223;228;509;950;1032;1074;1428
szodabikarbona:41;48;114;122;147;211;263;271;294;302;348;453;466;506;526;535;536;577;578;616;676;693;721;724;737;795;806;933;966;982;1005;1034;1060;1121;1168;1184;1208;1210;1299;1357;1369;1409;1470;1497
szodaviz:20;122;461;646;663;771;800;955;980;1059;1459
szojaolaj:569
szojaszosz:71;122;150;293;300;319;347;380;398;472;539;623;656;678;715;720;749;770;865;888;913;971;985;1010;1039;1065;1078;1083;1122;1132;1174;1179;1185;1188;1260;1279;1291;1298;1301;1314;1319;1333;1348;1354;1361;1399;1404;1414;1446;1465;1476;1508;1511;1515;1536;1545;1554;1560
szolo:121;212;1524;1575
szolocukor:1290
szololevel:744
szolomagolaj:121;212;599;632;779;800;862;1120;1134;1236;1362;1426;1452;1490;1508;1524;1545
szorp:143;617;877;879
szumak:50;928
tabasco-szosz:1054;1399;1551
tagin-fuszerkeverek:632
tagliatelle:163;225;429;1068;1469;1506
tahini:450;531;762;933;943;1062;1289;1340;1575
tamarind-paszta:666;763
tarhonya:601;637;976
tarkony:35;108;148;353;363;570;621;674;704;770;799;816;833;873;890;927;975;1063;1282;1303;1424;1550
tehenturo:27;48;99;112;133;201;204;227;242;256;275;297;314;390;425;428;449;486;504;554;555;624;639;675;694;697;717;719;745;812;826;851;877;898;915;924;930;964;974;1089;1149;1196;1214;1218;1265;1273;1304;1317;1384;1427;1430;1502;1537
tej:4;7;18;20;22;24;31;38;39;40;52;53;55;61;70;76;77;81;82;86;93;109;114;124;125;126;127;129;130;132;133;137;138;146;149;153;160;167;169;170;182;183;185;195;199;200;202;210;211;221;223;226;239;244;251;254;263;276;289;291;320;328;329;331;333;334;336;342;346;351;359;370;375;377;378;379;380;388;392;393;396;399;403;409;414;419;421;430;438;444;446;457;458;460;461;463;469;470;478;480;485;496;500;507;509;536;538;550;552;558;560;561;564;575;581;587;588;592;607;617;622;624;639;641;642;657;670;672;685;689;692;703;714;726;728;733;738;740;741;753;757;761;764;769;771;780;794;800;801;811;817;822;836;848;855;864;867;868;871;877;879;883;895;904;910;915;919;923;930;934;950;954;955;957;958;964;966;968;972;980;987;992;993;994;1005;1006;1012;1014;1017;1022;1025;1033;1040;1042;1046;1047;1049;1050;1051;1060;1064;1074;1081;1086;1090;1091;1093;1095;1098;1101;1104;1106;1111;1121;1125;1137;1140;1141;1142;1158;1159;1160;1163;1169;1183;1184;1192;1194;1195;1196;1199;1200;1216;1222;1225;1230;1235;1239;1243;1248;1250;1257;1264;1271;1272;1273;1275;1282;1285;1300;1305;1316;1328;1347;1352;1358;1384;1386;1390;1392;1393;1401;1403;1405;1416;1418;1422;1437;1441;1447;1448;1479;1485;1492;1497;1513;1547;1558;1579;1587;1596
tejcsokolade:56;126;209;217;302;360;375;458;487;493;496;761;1117;1479
tejfol:11;24;29;30;33;35;37;40;43;49;54;62;63;64;81;84;102;105;106;115;125;130;156;161;168;169;176;183;196;197;198;202;215;229;232;242;268;285;302;325;344;346;352;353;363;384;385;388;390;395;410;416;432;435;436;441;443;449;451;457;459;468;479;480;491;501;503;504;508;518;532;533;534;553;570;579;580;595;601;607;621;626;631;633;634;646;652;661;699;704;706;714;725;730;745;753;754;758;791;797;798;804;808;812;815;828;840;842;846;858;859;872;874;883;890;891;908;917;924;925;948;949;950;955;962;974;975;977;979;980;981;987;992;996;1003;1017;1018;1023;1031;1032;1040;1074;1076;1081;1085;1086;1100;1107;1111;1123;1126;1127;1130;1140;1141;1150;1163;1177;1187;1193;1196;1203;1205;1212;1214;1218;1221;1223;1227;1244;1256;1267;1286;1302;1304;1308;1311;1318;1337;1343;1350;1352;1383;1386;1387;1392;1416;1424;1436;1444;1460;1463;1480;1488;1496;1502;1505;1514;1521;1537;1551;1574;1576;1581;1596
tejmentes-margarin:104;120;319;563;824;1290
teljes-kiorlesu-liszt:32;41;81;127;176;195;204;205;241;319;337;341;345;354;361;362;399;416;419;526;559;578;657;694;701;737;795;825;844;857;947;1023;1155;1198;1299;1332;1360;1395;1484;1527
teljeskiorlesu-tonkolybuza-liszt:454;461;577;641;705;771;806;811;838;860;1033;1168;1210;1242;1547
tenger-gyumolcsei-mix:167;961;1209;1561
teperto:954;1203
teriyaki-szosz:666;1083
teszta:16;26;35;71;82;109;179;186;285;308;542;674;691;745;760;775;786;803;894;924;961;983;1019;1027;1056;1057;1084;1087;1204;1213;1253;1258;1276;1292;1340;1424;1446;1476;1503;1595
tesztakosarkak:1354
toast-kenyer:13;131;187;192;575;621;770;1028;1112;1289;1296;1322
tofu:78;122;184;385;1009;1226;1298;1367;1476
tojas:1;6;12;18;20;21;22;25;27;32;33;35;40;45;48;53;55;58;59;61;66;67;71;79;80;87;93;98;99;102;104;107;108;112;114;116;119;120;121;122;124;125;127;130;132;134;136;147;149;151;158;160;161;164;167;169;170;172;175;176;182;185;188;189;190;193;195;199;201;202;203;206;210;211;214;215;217;219;223;226;227;228;232;234;238;239;241;242;250;251;254;263;269;271;275;281;284;286;288;290;291;294;297;299;302;305;307;313;314;316;320;322;323;328;329;330;331;332;333;336;339;342;343;345;346;348;351;353;354;355;356;358;361;364;369;370;371;376;377;378;379;380;381;385;386;387;388;389;391;392;395;396;399;401;403;404;414;418;419;421;422;423;424;426;429;430;432;433;435;438;441;444;446;453;454;456;457;458;460;461;465;466;467;468;469;472;475;478;482;484;486;488;493;497;498;499;500;502;504;505;506;512;517;518;521;526;529;534;535;536;539;540;545;553;555;556;560;561;563;564;570;575;580;585;587;588;590;591;594;595;599;600;603;607;616;622;624;626;628;631;635;638;639;640;642;644;645;646;647;650;652;653;654;655;660;661;667;676;677;681;684;685;686;687;688;692;693;694;707;713;714;715;719;723;727;728;731;732;733;734;737;738;741;743;758;759;764;767;768;769;771;772;776;779;780;782;783;788;792;795;796;797;800;801;808;811;812;814;817;822;828;829;830;834;840;842;843;845;846;850;852;855;857;867;868;870;872;873;874;877;878;879;881;883;884;887;890;891;892;893;897;898;905;906;908;910;917;920;922;925;930;931;934;937;939;943;947;952;955;959;962;964;966;968;969;974;980;981;985;987;988;994;998;1001;1002;1003;1005;1009;1017;1018;1028;1033;1036;1043;1045;1049;1058;1060;1064;1067;1069;1071;1076;1080;1083;1086;1089;1090;1091;1093;1094;1098;1100;1101;1102;1104;1109;1110;1111;1113;1116;1117;1121;1122;1124;1125;1127;1132;1135;1137;1139;1149;1150;1157;1158;1160;1163;1167;1168;1181;1182;1183;1184;1192;1194;1196;1198;1199;1200;1201;1202;1208;1211;1216;1219;1220;1221;1223;1224;1225;1227;1229;1234;1235;1237;1239;1240;1241;1244;1250;1251;1252;1255;1256;1257;1264;1265;1266;1270;1272;1273;1274;1275;1277;1279;1281;1283;1285;1288;1294;1296;1298;1300;1305;1307;1310;1323;1329;1332;1334;1337;1342;1344;1347;1349;1352;1355;1356;1357;1361;1369;1371;1375;1376;1380;1383;1384;1386;1387;1389;1390;1392;1393;1396;1399;1401;1405;1409;1416;1417;1421;1422;1427;1430;1437;1438;1441;1442;1444;1455;1459;1461;1467;1480;1481;1482;1483;1485;1490;1491;1492;1495;1496;1497;1498;1502;1513;1515;1516;1518;1529;1530;1532;1535;1537;1539;1543;1546;1547;1556;1572;1574;1576;1579;1580;1583;1591;1593
tojasfeherje:52;68;69;87;104;154;183;201;209;247;256;265;359;375;388;407;466;506;535;649;687;714;761;794;813;820;839;905;925;945;950;954;1033;1140;1142;1271;1317;1353;1482;1483;1518;1532;1541;1563
tojaslikor:484
tojassargaja:5;40;52;81;93;117;149;175;176;183;201;202;234;256;260;264;294;327;328;342;345;360;375;377;387;388;393;407;442;458;466;486;497;506;509;510;538;570;597;667;671;679;689;721;726;753;761;785;794;805;862;879;895;898;915;940;950;954;957;986;1000;1007;1014;1018;1022;1033;1068;1074;1090;1095;1127;1131;1140;1142;1154;1155;1163;1197;1224;1227;1234;1271;1275;1292;1317;1353;1386;1388;1413;1493;1494;1497;1568;1593;1596
tokehalfile:105;127;177;322;344;368;427;476;619;646;673;849;896;1001;1059;1139;1187;1227;1380
tokmag:32;47;155;161;257;298;397;531;543;566;612;662;697;830;982;1055;1137;1188;1233;1416;1500;1510;1537;1557;1585
tokmagolaj:88;155;161;207;531;830;987;1019;1406;1458;1537;1557
tomlos-kremsajt:26;271;671;1183;1424;1502
tonhal:956
tonhalkonzerv:64;501;893;1035;1128;1226;1236;1353;1417
tonkolybuza-liszt:578;641;654;777;806;811;1135;1210
torma:101;1313;1563;1565
torokmogyoro:57;187;424;445;531;556;750;898;905;1037;1102;1166;1220;1233;1524;1549
tortabevono:124;211;294;445;564;785
tortazsele:99;124;143;227;446;1244;1483
tortelloni:1538
trappista-sajt:94;106;176;215;307;322;327;353;356;401;407;512;517;522;559;580;587;591;670;671;698;753;759;767;804;814;840;842;848;856;881;899;958;992;1056;1086;1109;1150;1157;1187;1193;1218;1222;1242;1274;1307;1331;1365;1386;1457;1464;1492;1540;1546;1583
tv-paprika:60;66;140;164;303;318;363;513;661;695;745;859;969;976;989;1006;1016;1123;1214;1344
uborka:567;677;749;1260
ujhagyma-zoldje:71;150;662;673;678;708;727;746;759;840;922;984;997;1115;1122;1124;1179;1348;1480;1548
ujhagyma:3;14;50;71;98;101;150;160;177;178;239;292;316;472;501;532;540;549;576;579;581;585;614;657;666;677;692;708;711;720;721;749;787;791;828;849;865;893;896;903;906;962;985;1019;1037;1039;1054;1083;1085;1088;1107;1114;1127;1128;1132;1150;1175;1184;1201;1203;1226;1257;1279;1280;1298;1319;1320;1322;1339;1348;1353;1383;1411;1431;1434;1487;1495;1503;1508;1516;1535;1545;1548;1588
ujkrumpli:33;166;319;352;384;423;443;551;572;620;695;855;880;997;1013;1327;1333;1383;1460;1522;1564
unicum:84;1533
utifu-maghej:41;120;164;167;577;930;1225;1272;1274;1572
vadlazac:810
vadrizs:720
vaj:2;7;8;9;22;24;35;38;49;52;53;55;56;57;64;70;73;74;77;79;80;82;84;86;87;96;100;103;106;108;114;117;119;125;129;130;131;136;137;138;141;143;153;156;157;158;160;165;168;169;170;171;174;175;182;188;189;193;199;200;201;202;206;211;217;223;225;238;240;242;243;251;255;256;258;260;264;270;271;275;280;287;289;294;296;299;301;312;315;320;322;325;326;328;334;342;345;346;349;351;353;367;368;370;371;375;376;377;379;380;385;388;393;399;400;405;407;409;419;423;424;426;437;438;441;444;445;454;455;457;458;460;466;467;468;469;470;475;480;481;482;484;485;486;487;496;498;499;500;504;507;509;510;511;514;515;525;528;529;533;536;538;546;547;550;553;558;560;564;570;583;594;597;600;606;607;610;618;623;627;629;632;635;636;640;644;649;650;652;667;668;670;671;672;674;682;684;687;688;689;698;701;706;707;708;709;710;713;714;716;717;723;725;726;728;730;740;741;743;757;760;766;768;769;770;775;778;780;783;784;785;794;795;799;801;804;807;809;811;815;817;821;822;826;836;840;845;846;848;850;852;854;855;863;867;868;871;872;874;879;881;890;898;900;904;907;910;915;917;919;921;923;924;935;950;954;965;967;968;981;984;992;993;998;1005;1006;1007;1012;1014;1020;1025;1029;1032;1033;1036;1040;1042;1049;1050;1052;1056;1064;1070;1071;1072;1084;1086;1090;1093;1095;1096;1098;1103;1104;1106;1110;1113;1115;1117;1118;1121;1123;1125;1130;1134;1139;1144;1149;1151;1154;1155;1163;1169;1187;1190;1194;1195;1196;1197;1199;1205;1210;1211;1214;1219;1220;1222;1223;1224;1230;1234;1237;1241;1243;1244;1248;1249;1250;1251;1252;1256;1257;1262;1267;1275;1276;1281;1282;1284;1285;1294;1300;1305;1311;1313;1315;1316;1323;1325;1331;1338;1342;1343;1345;1347;1355;1356;1357;1358;1369;1371;1372;1375;1379;1382;1387;1388;1393;1412;1419;1422;1424;1427;1428;1429;1430;1437;1439;1445;1459;1462;1463;1468;1469;1471;1482;1485;1487;1492;1493;1497;1498;1499;1512;1514;1516;1522;1526;1529;1532;1536;1545;1548;1552;1558;1565;1567;1569;1573;1579;1581;1583;1586;1587;1588;1589;1591;1592;1594;1595
vajkrem:964;1085
vanilia-aroma:79;80;132;133;147;175;271;299;302;331;370;395;445;468;482;556;636;687;723;733;752;758;764;782;783;864;904;945;964;1033;1135;1196;1224;1230;1244;1246;1347
vanilia-fagylalt:424;957;1300;1537;1569
vanilia-kivonat:5;87;143;188;297;371;403;419;426;469;475;538;583;675;685;707;822;872;945;966;968;1144;1275;1357;1410
vanilia:46;69;104;201;203;342;373;393;538;565;578;679;724;800;806;879;915;950;1020;1022;1089;1095;1097;1152;1170;1197;1210;1223;1299;1374;1422
vanilias-cukor:5;6;7;22;27;52;53;56;61;67;70;104;114;117;133;153;154;190;200;205;211;235;238;242;244;260;263;265;284;294;328;331;336;339;351;359;377;414;438;444;446;449;458;467;484;485;507;509;510;523;538;552;554;558;582;617;624;628;635;639;649;667;685;687;689;703;726;741;761;768;769;780;785;801;820;846;851;867;878;895;898;910;916;934;974;990;1005;1036;1074;1113;1142;1195;1196;1241;1250;1264;1266;1271;1273;1275;1317;1343;1355;1356;1410;1432;1479;1493;1497;1498;1532;1537
vanilias-pudingpor:7;52;93;104;124;149;200;223;438;460;465;467;485;494;496;536;628;689;743;772;966;1005;1017;1089;1140;1142;1159;1230;1271;1390;1479;1493
varganya-gomba:274;610;1593
vernarancs:468;818;1323;1406
viz:5;6;8;10;15;16;19;27;29;32;37;41;42;46;47;54;60;61;62;65;66;68;69;71;72;76;86;88;92;103;104;106;107;108;113;115;119;122;123;124;137;140;143;146;150;158;168;172;177;178;181;184;189;192;196;197;204;211;218;228;242;258;263;266;269;270;278;284;286;289;294;304;306;313;315;320;329;337;339;341;342;343;345;348;349;352;355;358;360;362;363;370;383;384;385;394;397;400;408;416;429;438;440;445;447;451;452;453;456;457;459;460;463;464;465;466;468;469;473;477;480;488;491;492;493;509;513;515;521;530;534;536;537;543;545;546;547;550;562;565;566;567;569;570;571;577;578;582;585;598;599;601;610;611;612;618;620;621;626;627;628;634;637;640;642;644;645;670;674;680;681;685;700;705;709;710;712;716;718;720;722;724;725;727;730;734;743;745;746;750;752;754;762;773;777;780;784;787;793;797;799;806;810;812;823;824;827;832;840;841;844;845;847;852;855;857;859;861;864;865;866;870;872;873;877;880;881;882;884;888;889;894;907;912;914;918;919;920;922;924;928;931;940;941;942;945;947;950;951;952;953;958;959;966;969;970;975;976;979;980;981;982;985;993;994;996;1005;1010;1016;1017;1023;1029;1033;1035;1036;1037;1039;1042;1044;1046;1047;1048;1049;1052;1053;1055;1057;1067;1069;1075;1082;1089;1090;1091;1093;1094;1097;1099;1105;1108;1116;1123;1125;1136;1139;1141;1144;1149;1154;1160;1161;1167;1170;1177;1178;1181;1192;1197;1200;1202;1204;1207;1208;1210;1213;1222;1239;1240;1241;1242;1244;1245;1246;1247;1249;1257;1265;1266;1268;1278;1281;1285;1299;1301;1303;1305;1306;1307;1308;1313;1319;1320;1321;1326;1334;1335;1337;1343;1344;1347;1350;1351;1357;1360;1367;1374;1382;1384;1389;1392;1395;1398;1402;1405;1407;1419;1421;1423;1426;1428;1431;1446;1449;1461;1462;1465;1466;1470;1472;1474;1481;1482;1483;1484;1487;1491;1493;1495;1497;1503;1516;1517;1521;1527;1532;1534;1535;1540;1542;1545;1551;1558;1559;1565;1579
vorosafonya:819;1263
vorosbab:292;561;729;821;1023;1073;1209;1291;1408;1415
vorosbor:45;73;152;255;274;326;417;457;650;709;767;775;825;845;885;911;1006;1207;1244;1285;1294;1373;1435;1445;1475;1533
vorosborecet:231;1043;1189;1413;1570;1587
voroshagyma:2;9;10;16;17;19;34;36;37;39;43;44;45;47;49;51;54;60;62;66;71;72;73;76;78;86;92;94;102;103;106;107;108;110;111;113;115;123;125;138;140;141;148;152;163;164;165;166;167;168;170;178;179;184;185;186;189;192;197;198;208;213;214;215;216;218;220;236;255;261;262;264;266;267;268;270;272;274;278;279;286;288;292;296;298;303;305;307;313;318;319;320;321;325;340;344;346;352;362;363;364;380;383;384;386;396;397;402;405;406;407;408;409;411;413;416;417;421;429;433;440;443;447;451;452;457;459;472;473;477;488;490;491;498;503;508;511;513;517;521;529;530;533;534;546;547;551;570;573;576;585;586;588;598;601;602;613;620;626;627;629;631;633;634;637;638;645;647;652;654;660;661;666;669;680;682;684;686;691;695;696;700;702;704;705;708;710;714;718;720;725;727;734;736;739;740;744;745;754;756;763;767;770;773;775;779;781;789;792;796;797;802;803;814;825;831;845;847;852;854;855;858;859;866;873;880;881;882;883;885;886;888;890;891;894;899;907;911;917;920;924;927;930;936;938;942;949;951;952;953;955;958;960;962;967;969;970;975;976;977;979;980;991;995;996;1000;1002;1006;1013;1016;1023;1024;1029;1030;1046;1047;1048;1053;1055;1057;1059;1061;1062;1067;1069;1070;1073;1075;1081;1082;1094;1099;1105;1106;1109;1110;1111;1114;1115;1116;1123;1126;1127;1132;1133;1138;1141;1143;1145;1154;1158;1160;1168;1172;1176;1177;1181;1187;1188;1190;1193;1204;1212;1213;1214;1216;1226;1231;1237;1238;1240;1245;1248;1252;1253;1254;1257;1258;1259;1262;1269;1272;1277;1279;1281;1284;1287;1293;1294;1302;1304;1305;1311;1316;1321;1327;1330;1337;1339;1343;1344;1345;1351;1359;1361;1368;1371;1373;1376;1377;1381;1387;1395;1398;1399;1404;1407;1408;1411;1415;1416;1423;1424;1436;1440;1441;1446;1449;1465;1466;1471;1480;1485;1489;1492;1496;1504;1513;1515;1525;1530;1531;1533;1534;1542;1543;1548;1551;1553;1558;1561;1565;1566;1568;1572;1579;1581;1582;1585;1587;1590;1591;1592;1593
voroskaposzta:44;300;312;700;849;853;1011;1107;1377;1423;1504;1583;1586;1587
voroslencse:115;292;412;513;627;727;833;1129;1351
whiskey:273;574;1440;1554
worcestershire-szosz:495;603;647;936;1078;1188;1333;1428
xilit:57;90;234;237;241;354;391;456;499;563;594;604;616;617;675;688;694;717;719;772;795;904;905;1182;1198;1264;1288;1332;1369;1430;1442;1518
zabkeksz:57;143;289;376;437;515;636;717;846;851;872;904;1020;1036;1102;1118;1223;1244;1324
zabkorpa:232;694;779;904
zabpehely:32;57;58;59;80;142;164;170;214;221;222;254;307;361;369;381;391;397;433;494;520;526;577;583;590;622;632;686;697;724;774;795;796;797;833;860;887;897;935;972;1102;1129;1165;1307;1342;1361;1383;1409;1441;1442;1470;1549;1572
zabpehelyliszt:21;120;122;237;250;456;505;577;599;604;672;688;694;724;800;897;987;1361;1518
zeller:34;73;108;113;166;300;397;400;412;413;447;457;477;498;513;534;570;573;627;680;742;793;799;829;873;876;951;969;1013;1032;1044;1047;1123;1125;1126;1127;1240;1259;1284;1286;1305;1330;1361;1376;1412;1522;1531;1572;1585
zellerlevel:161;363;447;942;951;1000;1013;1016;1055;1171;1222;1239;1550
zold-kaliforniai-paprika:194;306;383;439;541;888;926;997;1024;1061;1146;1228;1277;1330;1368;1398;1554
zold-meteltteszta:1452
zoldbab:128;148;363;524;700;746;907;949;975;1004;1049;1057;1103;1245;1314;1372;1521;1546;1552;1581
zoldbors:709;919;1066;1272;1469
zoldborso:45;60;66;76;108;111;189;194;213;243;286;362;473;498;539;553;570;601;637;659;686;704;852;866;927;967;1039;1044;1059;1115;1127;1145;1153;1171;1180;1184;1240;1281;1349;1411;1491;1516;1540;1567;1588
zoldfuszer:257;477;503;690;765;989;1180;1209;1242;1358;1365;1525;1571
zoldhagyma:60;1183;1465;1473
zoldpaprika:19;447;477;634;796;991
zoldparadicsom:304
zoldseg-alaple:141;148;184;186;216;292;296;298;319;407;412;434;566;602;657;669;704;710;735;742;781;833;854;951;995;1030;1061;1062;1114;1129;1233;1311;1379;1415;1443;1486;1531;1582
zoldsegkeverek:54;621;634;715;810;1110;1174;1193
zoldsparga:66;409;464;557;678;913;981;1004;1057;1161;1233;1281;1385;1431;1476;1554;1592
zsalya:600;608;784;1175;1262;1312;1510
zselatin:7;61;133;297;358;359;360;425;437;458;466;485;493;552;568;582;593;717;780;826;877;884;898;916;931;950;966;1089;1091;1118;1144;1384;1432;1532
zselatinfix:99;124;227;449;467;505;675;687;761;851;871;878;915;964;1200;1241;1273;1356;1357;1400;1432;1483;1514;1532
zsemle:17;31;102;162;276;288;333;364;401;422;457;566;588;624;631;692;714;855;881;1110;1111;1125;1160;1272;1285;1287;1305;1441;1513;1530
zsemlemorzsa:31;33;52;98;102;127;138;156;158;170;182;193;224;226;256;257;288;305;316;321;322;323;330;333;364;385;386;392;419;423;478;486;498;504;560;591;626;631;638;639;650;708;714;725;814;829;830;852;857;862;868;874;892;925;946;959;988;994;1007;1040;1058;1076;1098;1109;1133;1137;1142;1149;1158;1183;1216;1229;1239;1255;1256;1264;1271;1294;1349;1372;1383;1386;1437;1455;1463;1492;1535;1539;1583
